x y T T_exact
0.964843 0.180222 209.938 209.877
0.0356462 0.944429 69.0083 68.9142
0.0552403 0.0354785 208.882 209.029
0.035945 0.291267 69.0638 69.0483
0.964457 0.291114 203.931 203.919
0.956593 0.167828 213.461 213.36
0.0355871 0.384363 64.1463 64.1233
0.0668373 0.0445122 206.638 206.329
0.0437676 0.853444 61.7119 61.7258
0.964837 0.384596 200.924 200.91
0.0435025 0.931724 69.199 69.197
0.964287 0.0863178 223.983 223.797
0.0353558 0.646034 58.4327 58.4326
0.043565 0.3042 72.0023 72.0217
0.956513 0.304063 204.172 204.181
0.965089 0.589075 196.291 196.286
0.0352384 0.235184 73.3127 73.258
0.965229 0.646667 194.984 194.986
0.0719925 0.43141 75.1194 75.115
0.92637 0.803659 178.131 178.122
0.0434892 0.371646 67.8884 67.8511
0.956809 0.371633 201.569 201.543
0.964902 0.441392 199.497 199.49
0.03079 0.860269 58.5513 58.5715
0.956513 0.0994082 224.645 224.604
0.0727979 0.448138 74.4327 74.4103
0.926615 0.787521 179.883 179.905
0.956976 0.576222 195.785 195.768
0.0434979 0.738157 59.8101 59.8102
0.0430276 0.65942 60.1058 60.1105
0.95718 0.659373 193.436 193.447
0.0946142 0.045642 228.63 228.226
0.0428088 0.220315 80.1388 80.0687
0.0439962 0.702585 60.0093 60.0075
0.083708 0.0352616 236.602 236.384
0.957579 0.456624 198.949 198.953
0.957933 0.42718 199.806 199.788
0.939291 0.813615 180.704 180.699
0.0426411 0.249451 76.4137 76.422
0.983688 0.617792 197.967 197.956
0.983416 0.412396 200.099 200.1
0.0439262 0.755696 59.9369 59.9399
0.958515 0.632304 194.445 194.433
0.953662 0.534743 196.606 196.61
0.958427 0.603676 195.195 195.198
0.775915 0.0447561 283.562 283.499
0.788758 0.0404168 284.648 284.612
0.0441494 0.888329 63.9154 63.8852
0.957965 0.399072 200.626 200.625
0.953529 0.141101 217.881 217.767
0.0417016 0.6308 60.1183 60.1155
0.956716 0.960185 147.251 147.438
0.030358 0.729705 56.8647 56.8671
0.958442 0.195993 210.249 210.24
0.0455701 0.904298 65.823 65.8235
0.0585727 0.42237 70.9594 70.9611
0.0440755 0.551497 62.0491 62.0425
0.0464938 0.330846 71.5329 71.5265
0.953629 0.330801 203.263 203.257
0.041471 0.959932 76.1828 76.1839
0.0394084 0.0413788 171.133 171.03
0.615492 0.060402 280.289 280.267
0.619817 0.0735074 276.189 276.087
0.325689 0.0605637 269.466 269.453
0.321364 0.0736475 262.741 262.616
0.0465129 0.345013 70.6494 70.6172
0.953633 0.344866 202.7 202.678
0.0636721 0.0892325 148.48 148.33
0.104129 0.176778 133.743 133.749
0.968372 0.617968 196.056 196.051
0.967785 0.412822 200.173 200.166
0.965845 0.525033 197.702 197.703
0.953579 0.126396 220.231 220.176
0.0600879 0.458902 69.7325 69.7201
0.03071 0.711246 56.9754 56.9754
0.956986 0.072688 233.07 232.822
0.953853 0.549594 196.219 196.209
0.956186 0.945928 156.264 156.778
0.93922 0.776807 184.045 184.042
0.0453494 0.686674 60.4134 60.4111
0.954122 0.685554 192.071 192.075
0.044741 0.83597 61.3313 61.3332
0.0425029 0.398659 66.2156 66.2135
0.0908369 0.0633228 202.853 202.793
0.0429472 0.276936 73.9736 73.9164
0.958003 0.274982 205.4 205.375
0.964724 0.151361 212.592 212.555
0.0597488 0.763246 63.4806 63.484
0.103229 0.753927 72.6998 72.7005
0.077555 0.0862806 166.182 166.167
0.0346462 0.915085 63.4223 63.4621
0.954752 0.699402 191.677 191.67
0.0445689 0.536302 62.5151 62.5138
0.0903844 0.169061 127.309 127.332
0.0606332 0.780102 63.8215 63.8267
0.0351612 0.320397 66.8851 66.8824
0.964788 0.320285 202.845 202.838
0.0592513 0.217038 91.7841 91.7635
0.0750398 0.788006 67.0792 67.0832
0.0888472 0.762476 69.7431 69.743
0.0574514 0.104174 130.05 129.89
0.147059 0.983019 97.2897 97.2879
0.705882 0.864153 128.774 128.767
0.720588 0.855662 131.748 131.741
0.720588 0.838682 134.971 134.963
0.764706 0.830191 141.609 141.602
0.75 0.957548 111.06 111.061
0.75 0.787739 147.385 147.376
0.544118 0.736796 134.064 134.045
0.558824 0.728306 136.594 136.574
0.558824 0.711325 138.837 138.817
0.573529 0.702834 141.45 141.429
0.573529 0.685854 143.743 143.721
0.676471 0.762268 143.225 143.212
0.647059 0.660382 154.827 154.804
0.382353 0.983019 100.904 100.9
0.75 0.940567 115.366 115.361
0.529412 0.558497 156.826 156.788
0.735294 0.915096 120.494 120.489
0.720588 0.889624 124.923 124.918
0.720588 0.906605 121.327 121.323
0.735294 0.932076 116.559 116.558
0.705882 0.881134 125.473 125.467
0.0882549 0.40563 82.6499 82.6345
0.75 0.838682 138.167 138.161
0.735294 0.830191 138.115 138.107
0.529412 0.456612 173.62 173.566
0.764706 0.81321 144.801 144.794
0.588235 0.60944 155.871 155.841
0.544118 0.448121 176.792 176.736
0.602941 0.550006 166.08 166.042
0.529412 0.405669 183.314 183.25
0.544118 0.397178 186.573 186.507
0.544118 0.550006 159.803 159.764
0.544118 0.380198 190.058 189.99
0.558824 0.371707 193.247 193.176
0.602941 0.957548 106.783 106.781
0.558824 0.762268 132.123 132.107
0.588235 0.677363 146.416 146.392
0.558824 0.558497 160.151 160.114
0.558824 0.779248 129.888 129.873
0.0882422 0.609444 71.816 71.8116
0.0882836 0.626448 71.3329 71.3291
0.544118 0.329255 201.258 201.178
0.544118 0.753777 131.881 131.864
0.0736818 0.600861 68.5045 68.5015
0.602941 0.634911 153.822 153.795
0.602941 0.651892 151.455 151.429
0.544118 0.583968 154.736 154.702
0.132363 0.380192 101.164 101.135
0.647059 0.677363 152.462 152.44
0.544118 0.600949 152.29 152.257
0.529412 0.575478 154.299 154.262
0.632353 0.651892 154.494 154.469
0.382353 0.881134 106.644 106.637
0.132368 0.39717 99.0054 98.9756
0.147059 0.966038 94.6544 94.6642
0.455882 0.753777 123.476 123.459
0.573529 0.550006 163.03 162.991
0.544118 0.482083 170.784 170.735
0.573529 0.99151 101.235 101.255
0.367647 0.702834 118.344 118.324
0.558824 0.354726 196.873 196.8
0.191176 0.583968 97.1813 97.1633
0.0879668 0.42261 81.2031 81.1893
0.544118 0.499064 167.919 167.871
0.441176 0.507554 153.349 153.303
0.529412 0.473592 170.6 170.548
0.411765 0.60944 134.487 134.457
0.75 0.80472 144.465 144.455
0.382353 0.728306 117.915 117.897
0.470588 0.966038 103.303 103.301
0.470588 0.575478 147.072 147.036
0.485294 0.583968 147.741 147.707
0.838233 0.940565 122.869 122.864
0.470588 0.983019 101.651 101.653
0.382353 0.711325 119.452 119.433
0.0169484 0.470593 55.454 55.4524
0.544118 0.43114 179.943 179.885
0.235294 0.0668126 255.331 255.029
0.676471 0.779248 140.605 140.591
0.397059 0.906605 105.833 105.828
0.132363 0.634917 81.1819 81.1736
0.0334077 0.471011 60.7266 60.719
0.220589 0.0753922 246.863 246.607
0.485294 0.600949 145.361 145.327
0.397059 0.889624 106.957 106.951
0.588235 0.966038 105.181 105.178
0.426471 0.736796 122.159 122.141
0.220588 0.0917331 236.311 236.092
0.102998 0.634943 74.5184 74.5133
0.0454508 0.583812 61.7707 61.7679
0.588235 0.558497 163.296 163.26
0.367647 0.855662 107.159 107.151
0.602941 0.533026 168.659 168.619
0.544118 0.346236 197.398 197.321
0.529412 0.42265 179.973 179.912
0.617647 0.303783 212.393 212.313
0.617647 0.320764 208.605 208.528
0.470588 0.762268 123.997 123.981
0.441176 0.524535 150.647 150.603
0.176471 0.62642 91.2206 91.2072
0.588235 0.320764 206.744 206.664
0.544118 0.957548 105.576 105.574
0.205883 0.100117 226.986 226.774
0.19118 0.1255 206.361 206.189
0.485332 0.193394 232.719 232.596
0.632353 0.295293 215.035 214.954
0.588235 0.507554 171.19 171.147
0.397059 0.736796 118.876 118.859
0.441176 0.966038 102.827 102.826
0.411765 0.728306 121.358 121.339
0.0350668 0.440989 62.0586 62.0487
0.602941 0.329255 205.844 205.768
0.338235 0.482083 140.196 140.151
0.588235 0.915096 112.873 112.868
0.529412 0.966038 104.23 104.228
0.0883123 0.558512 73.6405 73.6335
0.691176 0.957548 108.982 108.981
0.588235 0.62642 153.472 153.443
0.485294 0.533026 155.335 155.293
0.205883 0.11701 216.552 216.364
0.426479 0.193424 226.675 226.556
0.632353 0.957548 107.443 107.441
0.602941 0.685854 146.754 146.732
0.411767 0.201914 221.991 221.873
0.485294 0.99151 100.884 100.887
0.661765 0.957548 108.167 108.165
0.00849045 0.485294 52.6491 52.6479
0.455882 0.736796 125.291 125.273
0.39706 0.193423 222.891 222.771
0.059313 0.575742 65.5238 65.5216
0.617647 0.677363 149.437 149.413
0.470588 0.558497 149.541 149.503
0.558824 0.983019 102.35 102.346
0.720588 0.957548 109.928 109.928
0.338235 0.499064 137.553 137.509
0.647059 0.966038 106.245 106.243
0.967222 0.736053 192.826 192.823
0.117743 0.813278 76.441 76.4388
0.455882 0.533026 151.404 151.362
0.117655 0.660387 77.0657 77.06
0.676471 0.966038 106.862 106.859
0.455884 0.22737 219.291 219.179
0.367647 0.227369 206.776 206.662
0.176471 0.575478 94.4634 94.4458
0.573529 0.329255 203.741 203.662
0.5 0.966038 103.768 103.766
0.220588 0.346236 136.67 136.608
0.5 0.983019 101.884 101.88
0.83823 0.906602 134.066 134.066
0.705882 0.966038 107.567 107.564
0.691176 0.448121 189.237 189.191
0.220588 0.634911 99.7436 99.7268
0.441176 0.728306 124.632 124.613
0.676471 0.456612 186.921 186.875
0.617647 0.966038 105.692 105.689
0.441176 0.983019 101.413 101.408
0.0167534 0.441208 55.7669 55.7623
0.352941 0.218879 207.018 206.901
0.735294 0.966038 108.4 108.396
0.632353 0.702834 147.383 147.362
0.191176 0.600949 95.969 95.9519
0.411765 0.915096 105.91 105.905
0.99151 0.75 197.999 198.128
0.779412 0.957548 112.458 112.46
0.367998 0.0422498 280.747 280.736
0.0737349 0.550504 70.0821 70.0773
0.353736 0.0336311 284.117 284.108
0.0187368 0.353507 58.1354 58.1394
0.823529 0.966038 112.376 112.368
0.191176 0.634911 93.8224 93.8082
0.982311 0.528473 198.782 198.778
0.42654 0.0422692 282.931 282.928
0.0167336 0.499529 55.0603 55.0586
0.323529 0.473592 138.664 138.617
0.823527 0.915094 129.242 129.24
0.529412 0.0169809 294.067 294.085
0.441185 0.2019 225.603 225.485
0.529412 0.0339618 288.145 288.167
0.382363 0.0339508 284.997 284.992
0.147059 0.354726 110.219 110.181
0.558824 0.320764 204.504 204.422
0.794118 0.966038 110.694 110.688
0.382353 0.660382 124.479 124.455
0.838234 0.957547 116.648 116.655
0.117695 0.830226 77.015 77.0181
0.367647 0.685854 119.913 119.892
0.0175721 0.528719 55.0207 55.018
0.455882 0.0423629 283.721 283.733
0.558824 0.218879 230.562 230.45
0.514706 0.957548 104.999 104.996
0.352941 0.60944 125.636 125.607
0.983255 0.735703 196.33 196.323
0.397059 0.651892 127.424 127.398
0.588235 0.983019 102.592 102.594
0.235294 0.354726 139.255 139.197
0.588235 0.218879 232.114 232.007
0.441179 0.21888 220.196 220.083
0.0882681 0.575467 72.9723 72.9657
0.397059 0.634911 129.343 129.316
0.352941 0.62642 123.763 123.736
0.191176 0.702834 90.635 90.6255
0.382353 0.677363 122.732 122.709
0.176471 0.60944 92.2114 92.1968
0.964452 0.794644 189.579 189.595
0.0327635 0.499303 59.9019 59.8995
0.00824316 0.514235 52.4211 52.4266
0.558755 0.0678842 277.078 277.11
0.573529 0.227369 229.062 228.955
0.617647 0.218879 233.276 233.174
0.382353 0.864153 107.702 107.695
0.441188 0.0338448 286.66 286.667
0.323529 0.456612 141.468 141.419
0.9561 0.779486 188.205 188.182
0.470588 0.0339618 287.224 287.241
0.205882 0.660382 95.3328 95.319
0.382353 0.966038 101.812 101.811
0.338235 0.43114 148.985 148.93
0.455882 0.99151 100.766 100.754
0.426471 0.99151 100.644 100.664
0.647059 0.303783 213.76 213.683
0.00845795 0.455887 52.8165 52.8068
0.544049 0.0424129 285.429 285.451
0.661765 0.295293 216.147 216.07
0.411765 0.779248 116.638 116.624
0.838235 0.295293 214.246 214.197
0.602941 0.227369 230.479 230.376
0.00829547 0.426497 52.9632 52.9695
0.558824 0.966038 104.698 104.695
0.102991 0.65192 74.035 74.0311
0.544118 0.227369 227.251 227.14
0.941171 0.967149 132.533 132.526
0.485294 0.550006 152.725 152.684
0.14706 0.371706 107.575 107.536
0.99219 0.514133 199.525 199.556
0.529412 0.252841 219.141 219.038
0.470588 0.524535 154.737 154.692
0.911978 0.167803 225.227 225.16
0.382353 0.201898 217.816 217.696
0.514706 0.00849045 296.982 297
0.470614 0.201885 228.708 228.588
0.632353 0.227369 231.501 231.404
0.205882 0.62642 97.36 97.3437
0.500018 0.201898 231.343 231.221
0.720588 0.482083 186.134 186.097
0.338235 0.227369 201.298 201.184
0.0737146 0.58387 68.9945 68.99
0.397069 0.00847945 296.358 296.276
0.485294 0.957548 104.422 104.419
0.455882 0.787739 119.955 119.941
0.441176 0.762268 121.14 121.124
0.897059 0.99151 105.336 105.189
0.397059 0.600949 133.424 133.392
0.382353 0.218879 212.046 211.931
0.132361 0.651896 80.5523 80.545
0.926404 0.958534 132.801 132.828
0.323529 0.252841 189.792 189.688
0.455882 0.80472 118.245 118.232
0.397059 0.957548 102.601 102.598
0.00940665 0.897069 53.31 53.2384
0.981468 0.558739 198.369 198.37
0.64681 0.017627 294.228 294.239
0.5 0.0169809 293.859 293.859
0.338235 0.448121 145.907 145.854
0.558824 0.0169809 294.232 294.229
0.573052 0.0591576 280.221 280.237
0.455882 0.550006 148.827 148.787
0.0409796 0.485486 62.7324 62.7311
0.220588 0.651892 98.6523 98.6368
0.117665 0.62643 78.176 78.169
0.426471 0.787739 117.278 117.264
0.941128 0.983239 117.702 117.697
0.838235 0.278312 216.803 216.754
0.514706 0.99151 101 101.003
0.0167794 0.411914 56.2081 56.2068
0.544049 0.0593938 279.64 279.678
0.455882 0.600949 141.61 141.577
0.382363 0.0169699 292.49 292.476
0.647059 0.252841 225.526 225.438
0.397059 0.499064 147.916 147.869
0.983124 0.794247 195.035 195.034
0.411844 0.0338571 285.923 285.922
0.426471 0.499064 152.552 152.504
0.411765 0.62642 132.399 132.37
0.016803 0.205878 62.7954 62.7855
0.544118 0.24435 222.577 222.472
0.838231 0.889621 139.005 139.006
0.308824 0.634911 115.789 115.766
0.205882 0.711325 93.0003 92.9898
0.984533 0.499145 199.206 199.196
0.147061 0.626422 84.8169 84.8066
0.983019 0.764706 195.714 195.711
0.161765 0.600949 89.4447 89.4309
0.147062 0.609441 85.6421 85.6307
0.411765 0.507554 148.907 148.863
0.367647 0.499064 142.922 142.877
0.102948 0.855667 75.4424 75.4482
0.5 0.0339618 287.73 287.753
0.205882 0.269822 150.946 150.863
0.691176 0.193408 240.927 240.835
0.92776 0.296119 207.376 207.347
0.441176 0.60944 138.536 138.505
0.529412 0.983019 102.115 102.117
0.382353 0.507554 144.126 144.082
0.426471 0.600949 137.638 137.606
0.983681 0.470239 199.455 199.466
0.235294 0.303783 151.313 151.24
0.573052 0.0421767 285.866 285.873
0.852937 0.881131 144.188 144.185
0.367647 0.600949 128.948 128.918
0.205882 0.677363 94.4594 94.4471
0.647059 0.42265 190.508 190.454
0.0173831 0.942486 59.7143 59.7234
0.632353 0.24435 227.185 227.092
0.558824 0.507554 168.132 168.087
0.382353 0.60944 130.193 130.163
0.426471 0.753777 120.486 120.47
0.705882 0.456612 188.869 188.826
0.411765 0.762268 118.16 118.145
0.794118 0.269822 220.707 220.645
0.308824 0.651892 114.249 114.227
0.220588 0.295293 148.871 148.794
0.102969 0.397134 88.6936 88.6717
0.983196 0.823696 194.15 194.142
0.205883 0.167936 189.307 189.167
0.17648 0.117006 205.839 205.658
0.992343 0.485012 199.674 199.675
0.485294 0.0424522 284.379 284.403
0.0419847 0.0726069 133.083 133.274
0.661765 0.43114 190.062 190.012
0.338235 0.634911 120.57 120.545
0.529412 0.320764 201.873 201.789
0.514708 0.22737 225.034 224.921
0.991347 0.573811 199.162 199.191
0.990121 0.543752 199.222 199.201
0.544118 0.533026 162.433 162.392
0.10299 0.838717 74.5152 74.5123
0.661765 0.448121 187.247 187.198
0.235294 0.711325 98.0887 98.0763
0.544118 0.00849045 297.075 297.044
0.588235 0.524535 168.498 168.455
0.00883359 0.368279 53.6908 53.6964
0.573529 0.00849045 297.146 297.209
0.0882353 0.864153 72.9611 72.9572
0.897059 0.295293 210.166 210.132
0.588235 0.932076 110.324 110.321
0.0735294 0.855662 69.095 69.1025
0.397127 0.0423752 281.883 281.875
0.455882 0.957548 103.837 103.834
0.117654 0.864158 78.8591 78.8566
0.823529 0.269822 219.13 219.073
0.0333024 0.0886166 107.259 107.053
0.558755 0.0339224 288.488 288.503
0.00831255 0.191173 56.8623 56.8736
0.676471 0.354726 204.528 204.466
0.161786 0.125474 194.036 193.882
0.13241 0.753811 78.5424 78.5406
0.470588 0.320764 195.356 195.27
0.485294 0.00849045 296.866 296.884
0.147116 0.762301 81.3285 81.3241
0.928116 0.175487 220.045 219.984
0.0173176 0.383107 56.9178 56.9118
0.11766 0.983027 96.2052 96.1928
0.5 0.320764 198.832 198.746
0.470588 0.0169809 293.605 293.62
0.191177 0.176427 179.643 179.524
0.794118 0.252841 223.936 223.873
0.0592891 0.559331 65.9461 65.9438
0.764706 0.915096 122.802 122.798
0.323529 0.983019 100.322 100.319
0.991581 0.838272 196.762 196.612
0.587885 0.0167785 294.42 294.428
0.13236 0.838687 80.0908 80.0881
0.0169269 0.0883288 80.048 80.0577
0.338235 0.24435 195.646 195.537
0.852941 0.303783 212.238 212.197
0.966676 0.882447 182.616 182.647
0.323529 0.62642 119.053 119.028
0.691176 0.753777 146.058 146.043
0.573529 0.346236 199.976 199.9
0.808824 0.278312 218.493 218.438
0.235294 0.983019 99.1907 99.1884
0.691176 0.583968 169.757 169.729
0.956519 0.810089 186.205 186.225
0.220588 0.278312 153.564 153.486
0.161765 0.787739 84.0223 84.0176
0.13236 0.855667 80.9482 80.9512
0.983074 0.882258 191.034 191.018
0.587476 0.0335233 288.863 288.864
0.991614 0.808953 197.309 197.471
0.294118 0.660382 111.126 111.106
0.514706 0.0424522 284.952 284.979
0.147116 0.779282 81.3554 81.3539
0.928247 0.600446 191.912 191.896
0.735294 0.779248 147.002 146.99
0.764706 0.932076 118.478 118.478
0.911765 0.303783 208.152 208.125
0.0737783 0.838831 68.2835 68.2797
0.966773 0.824435 188.476 188.474
0.0187943 0.322649 58.9952 58.9841
0.32287 0.116475 242.68 242.502
0.867647 0.295293 212.412 212.37
0.705882 0.575478 172.281 172.251
0.220588 0.702834 95.9476 95.936
0.981959 0.706531 196.541 196.549
0.0722366 0.396296 77.5428 77.5145
0.705882 0.728306 151.466 151.449
0.867647 0.176427 232.17 232.103
0.867647 0.193408 228.582 228.512
0.191176 0.685854 91.2916 91.2806
0.661765 0.227369 232.12 232.029
0.852935 0.932073 128.028 128.032
0.882238 0.0166559 290.306 290.28
0.191179 0.142466 196.702 196.544
0.808824 0.227369 228.107 228.042
0.0408875 0.161758 89.0707 89.0573
0.102995 0.380166 90.4525 90.4307
0.0432306 0.456087 64.3185 64.3237
0.705882 0.779248 143.666 143.653
0.85294 0.779249 164.686 164.677
0.191176 0.957548 96.0898 96.0879
0.617047 0.0174246 294.278 294.273
0.735294 0.881134 127.971 127.966
0.75 0.906605 123.595 123.593
0.632104 0.00913651 297.005 297.1
0.352941 0.42265 153.506 153.447
0.691176 0.736796 148.603 148.589
0.235294 0.371707 135.756 135.698
0.529414 0.218879 228.614 228.499
0.147059 0.81321 81.8316 81.8282
0.705882 0.473592 186.359 186.318
0.441176 0.779248 119.458 119.443
0.0170445 0.235147 61.3235 61.317
0.352941 0.405669 156.863 156.802
0.0332233 0.147105 85.1683 85.0937
0.514706 0.329255 198.38 198.298
0.470593 0.218878 223.462 223.348
0.735294 0.0333366 288.525 288.5
0.0333858 0.117896 93.8413 93.7091
0.838234 0.787739 160.654 160.65
0.927655 0.583256 192.602 192.596
0.852932 0.91509 133.95 133.952
0.352941 0.507554 138.987 138.945
0.735294 0.864153 131.499 131.492
0.191176 0.651892 92.8866 92.8737
0.544118 0.889624 114.438 114.431
0.235294 0.728306 97.351 97.3401
0.323529 0.42265 147.542 147.485
0.117656 0.371702 96.9105 96.8802
0.0882353 0.881134 74.3475 74.3585
0.103801 0.498653 80.9399 80.9235
0.514725 0.193408 235.059 234.934
0.529412 0.303783 205.98 205.892
0.132353 0.99151 98.3732 98.4728
0.958732 0.868145 181.017 181.018
0.794118 0.303783 214.735 214.682
0.573529 0.957548 106.167 106.164
0.308305 0.125634 236.167 235.996
0.0579739 0.161752 104.362 104.28
0.632353 0.906605 116.194 116.189
0.294118 0.983019 99.9897 99.9892
0.220588 0.329255 140.444 140.382
0.132403 0.0914933 203.283 203.09
0.558824 0.524535 165.403 165.36
0.161765 0.80472 84.1957 84.194
0.485294 0.329255 195.083 195.001
0.911655 0.966134 123.496 123.461
0.705882 0.016146 294.57 294.593
0.294118 0.830191 101.767 101.759
0.808824 0.24435 224.712 224.648
0.147064 0.0660479 232.506 232.271
0.294118 0.42265 141.069 141.015
0.897015 0.14249 234.343 234.252
0.132408 0.804758 78.9931 78.9939
0.735294 0.0163558 294.355 294.339
0.264706 0.983019 99.6171 99.6146
0.0169732 0.11766 72.6835 72.6923
0.0412708 0.103478 110.259 110.17
0.691176 0.940567 112.517 112.513
0.0883288 0.983073 94.5485 94.5512
0.367647 0.380198 165.078 165.01
0.588235 0.660382 148.749 148.724
0.647059 0.218879 234.042 233.946
0.485294 0.940567 106.195 106.191
0.514706 0.24435 220.232 220.125
0.308824 0.24435 189.235 189.127
0.808824 0.838682 146.192 146.19
0.411786 0.0169422 292.946 292.951
0.220588 0.397178 126.797 126.748
0.426471 0.889624 108.549 108.543
0.99151 0.867647 195.961 196.163
0.00844418 0.0736095 68.591 68.1981
0.176471 0.303783 131.185 131.128
0.161765 0.329255 120.211 120.165
0.088554 0.371523 85.8429 85.8209
0.132386 0.0745224 218.061 217.849
0.176471 0.779248 86.5261 86.5222
0.161765 0.295293 127.479 127.418
0.338235 0.99151 100.237 100.195
0.573529 0.600949 155.518 155.485
0.911721 0.150981 228.681 228.62
0.147059 0.320764 116.232 116.183
0.294118 0.252841 182.903 182.802
0.147059 0.830191 82.3168 82.3174
0.294118 0.405669 144.251 144.196
0.966281 0.764383 191.535 191.542
0.632353 0.889624 119.039 119.032
0.205882 0.779248 91.3174 91.3114
0.967467 0.910424 177.908 177.988
0.191176 0.278312 143.16 143.09
0.720588 0.736796 151.874 151.86
0.279412 0.99151 99.9017 99.8467
0.882353 0.303783 210.378 210.344
0.500006 0.218878 226.256 226.141
0.308824 0.43114 142.814 142.762
0.764072 0.0340229 287.728 287.707
0.017638 0.292824 59.3317 59.3332
0.911735 0.0164033 287.717 287.774
0.981612 0.676545 196.947 196.935
0.779412 0.838682 141.86 141.855
0.558824 0.405669 186.346 186.283
0.0725098 0.379158 78.9289 78.9074
0.779412 0.227369 230.005 229.935
0.161765 0.753777 84.0781 84.0739
0.279338 0.125506 230.844 230.666
0.191176 0.24435 153.305 153.216
0.838228 0.7368 167.905 167.897
0.852941 0.167936 236.452 236.371
0.220588 0.99151 99.4699 99.404
0.161779 0.142457 183.968 183.822
0.132353 0.346236 106.064 106.024
0.176471 0.167936 177.445 177.316
0.0884839 0.677507 70.233 70.2319
0.911457 0.117171 237.346 237.237
0.983404 0.911097 188.295 188.357
0.925779 0.125587 230.496 230.431
0.544118 0.906605 112.233 112.227
0.823527 0.762269 162.024 162.018
0.0168754 0.147065 68.0448 68.054
0.117647 0.881134 80.1849 80.1909
0.294118 0.456612 135.214 135.169
0.147059 0.728306 81.617 81.6126
0.794118 0.218879 230.973 230.9
0.558824 0.42265 183.065 183.005
0.455882 0.482083 159.726 159.676
0.191176 0.346236 127.23 127.174
0.00990323 0.338169 54.516 54.497
0.529422 0.167937 243.837 243.698
0.294118 0.473592 132.527 132.483
0.926446 0.00819973 292.527 293.056
0.00849045 0.132353 60.2142 60.1793
0.0166975 0.176473 64.8617 64.8602
0.764706 0.218879 232.655 232.578
0.735294 0.728306 154.843 154.828
0.205882 0.354726 130.31 130.258
0.0173011 0.264079 60.194 60.1902
0.455911 0.193397 229.939 229.819
0.779412 0.855662 138.317 138.311
0.75 0.295293 217.106 217.042
0.279412 0.651892 109.332 109.312
0.132464 0.787811 78.7163 78.7134
0.205882 0.728306 92.4184 92.4096
0.00848397 0.397181 53.2679 53.2474
0.764706 0.881134 130.904 130.9
0.749366 0.0425133 285.115 285.07
0.823529 0.864152 142.968 142.968
0.117647 0.677363 76.6169 76.6123
0.602941 0.600949 158.622 158.591
0.132353 0.702834 79.137 79.1324
0.367647 0.397178 161.443 161.378
0.264706 0.42265 134.07 134.02
0.25 0.482083 121.322 121.285
0.0739946 0.686084 66.8816 66.8792
0.0882353 0.711277 69.7276 69.725
0.794118 0.932076 120.864 120.865
0.0412509 0.132627 97.7655 97.701
0.99151 0.779412 197.68 197.549
0.897015 0.12551 238.893 238.809
0.176471 0.252841 144.752 144.68
0.983091 0.852978 192.872 192.872
0.0724288 0.652479 67.0453 67.0403
0.147059 0.303783 119.645 119.597
0.779412 0.295293 216.593 216.533
0.991746 0.720997 198.31 198.192
0.25 0.499064 119.076 119.04
0.191176 0.787739 88.93 88.924
0.102941 0.685854 73.2596 73.2559
0.991399 0.661599 198.662 198.579
0.808824 0.295293 215.641 215.587
0.75 0.889624 127.49 127.485
0.102941 0.702787 72.9819 72.9793
0.764706 0.864153 134.666 134.661
0.132353 0.736796 78.6334 78.6289
0.176471 0.762268 86.626 86.6197
0.735294 0.575478 174.996 174.968
0.705882 0.711325 153.92 153.904
0.235294 0.456612 121.309 121.271
0.867623 0.88961 145.014 145.021
0.117647 0.728258 75.7521 75.75
0.205883 0.050508 261.265 261.103
0.25 0.43114 128.953 128.908
0.279338 0.142486 222.697 222.534
0.544118 0.295293 209.377 209.288
0.852936 0.762271 167.083 167.078
0.00874699 0.278932 54.8786 54.8482
0.735294 0.507554 183.705 183.671
0.0736095 0.991556 96.5122 96.709
0.323529 0.218879 201.23 201.111
0.308824 0.193408 207.502 207.37
0.264706 0.405669 137.117 137.065
0.102955 0.991517 97.6849 97.6211
0.529418 0.201898 233.557 233.435
0.779412 0.906605 126.333 126.332
0.294118 0.371707 151.195 151.129
0.882353 0.167936 231.476 231.398
0.382353 0.915096 104.633 104.628
0.279412 0.397178 142.388 142.33
0.161765 0.278312 131.607 131.548
0.25 0.380198 138.151 138.096
0.25 0.448121 126.253 126.209
0.58782 0.0674753 277.733 277.708
0.264706 0.660382 106.144 106.126
0.235294 0.558497 109.077 109.052
0.779412 0.940567 117.267 117.262
0.676471 0.218879 234.397 234.306
0.176472 0.0665863 242.185 241.904
0.455882 0.499064 156.849 156.8
0.235294 0.575478 107.458 107.434
0.959229 0.89648 176.313 176.36
0.00848273 0.102955 63.201 62.9896
0.426471 0.346236 182.985 182.906
0.602591 0.00828805 297.262 297.162
0.308824 0.397178 149.297 149.236
0.867538 0.00845239 295.491 295.765
0.602941 0.499064 173.999 173.954
0.823529 0.60944 179.791 179.774
0.191176 0.329255 130.752 130.697
0.676471 0.0166818 294.488 294.503
0.323529 0.371707 157.95 157.881
0.991565 0.896963 194.78 194.664
0.264706 0.677363 104.964 104.948
0.323529 0.201898 207.383 207.257
0.103152 0.533018 78.7753 78.7647
0.308824 0.99151 100.078 100.128
0.161765 0.736796 84.2901 84.2836
0.308824 0.448121 139.832 139.782
0.411765 0.881134 108.395 108.387
0.958738 0.750027 190.384 190.376
0.279412 0.24435 181.922 181.815
0.911501 0.100165 242.782 242.678
0.955841 0.991698 112.466 111.689
0.647059 0.932076 112.407 112.404
0.882353 0.150955 235.454 235.38
0.411765 0.473592 154.562 154.51
0.294118 0.201898 200.895 200.769
0.867647 0.329255 208.385 208.351
0.279412 0.685854 106.821 106.804
0.764706 0.0168916 293.881 293.864
0.220588 0.753777 94.1281 94.1198
0.00849045 0.220588 56.05 55.9945
0.308824 0.702834 110.166 110.149
0.558824 0.303783 208.512 208.426
0.470588 0.60944 142.36 142.329
0.176471 0.269822 139.84 139.765
0.293599 0.117143 237.625 237.454
0.191176 0.753777 89.2739 89.2676
0.85293 0.728312 171.356 171.345
0.117814 0.507521 84.3333 84.3195
0.176473 0.150954 186.036 185.902
0.161771 0.0745379 230.845 230.599
0.220588 0.482083 114.18 114.148
0.205882 0.575478 101.112 101.091
0.220588 0.600949 102.213 102.193
0.308824 0.278312 178.571 178.477
0.294044 0.150977 221.966 221.808
0.220588 0.550006 106.667 106.642
0.25 0.99151 99.702 99.7659
0.338235 0.702834 114.373 114.355
0.838235 0.600949 182.152 182.134
0.602941 0.482083 176.77 176.723
0.441176 0.303783 195.778 195.688
0.147059 0.507554 92.3576 92.339
0.308824 0.380198 152.814 152.751
0.808823 0.855662 142.529 142.523
0.176471 0.507554 100.126 100.103
0.235294 0.473592 118.937 118.9
0.382353 0.116994 249.8 249.682
0.735294 0.711325 157.273 157.258
0.779412 0.24435 226.389 226.319
0.323529 0.320764 170.166 170.083
0.294118 0.728306 106.338 106.323
0.661765 0.00849045 297.206 297.089
0.279412 0.702834 105.703 105.687
0.294118 0.677363 109.795 109.777
0.147059 0.711325 81.9275 81.9211
0.838229 0.753781 165.67 165.66
0.661765 0.906605 117.708 117.703
0.00889105 0.30801 54.4643 54.4852
0.103797 0.48161 82.0412 82.0268
0.205882 0.507554 107.553 107.526
0.205883 0.067316 249.11 248.897
0.705882 0.558497 174.547 174.516
0.990213 0.691416 198.252 198.315
0.735294 0.62642 168.557 168.534
0.720588 0.295293 217.194 217.125
0.0885253 0.66055 70.5666 70.5634
0.720588 0.00795462 297.29 297.096
0.279061 0.0917248 248.075 247.883
0.102941 0.583968 76.3254 76.3177
0.75 0.736796 155.384 155.372
0.117841 0.0999006 187.575 187.436
0.705882 0.932076 114.966 114.964
0.735294 0.762268 149.716 149.705
0.264706 0.218879 186.883 186.765
0.102985 0.550032 77.8644 77.8544
0.352941 0.711325 115.666 115.648
0.397059 0.753777 117.355 117.339
0.352941 0.677363 118.663 118.642
0.867616 0.753795 170.888 170.878
0.647059 0.915096 115.436 115.431
0.279412 0.193408 200.618 200.486
0.735294 0.558497 177.142 177.114
0.191176 0.736796 89.6225 89.6142
0.720588 0.634911 165.927 165.905
0.264706 0.116994 232.09 231.904
0.279412 0.380198 145.796 145.736
0.794118 0.830191 145.654 145.646
0.352941 0.371707 164.103 164.032
0.29376 0.0665587 263.461 263.308
0.323529 0.711325 111.656 111.639
0.514729 0.176428 240.276 240.141
0.779412 0.00849045 296.815 296.608
0.132353 0.685854 79.5269 79.5206
0.323529 0.405669 150.826 150.768
0.573529 0.295293 211.655 211.568
0.602941 0.295293 213.538 213.454
0.279061 0.0747439 257.275 257.059
0.117647 0.558497 81.2236 81.2125
0.75 0.634911 169.035 169.015
0.75 0.600949 173.231 173.206
0.838235 0.227369 225.553 225.494
0.705882 0.371707 202.573 202.516
0.117814 0.524502 83.2318 83.2186
0.632353 0.940567 110.392 110.388
0.220588 0.583968 103.594 103.573
0.0591432 0.711556 63.352 63.3508
0.838235 0.24435 222.44 222.38
0.735294 0.677363 161.93 161.911
0.0721802 0.635355 67.317 67.3161
0.823529 0.218879 228.636 228.567
0.75 0.583968 175.306 175.282
0.279412 0.448121 133.284 133.237
0.99184 0.925899 192.821 193.227
0.441176 0.320764 191.415 191.329
0.647059 0.881134 121.35 121.344
0.279412 0.43114 136.141 136.092
0.676471 0.932076 113.604 113.601
0.897053 0.00820353 294.552 294.303
0.794118 0.915096 125.642 125.639
0.294118 0.167936 214.605 214.459
0.294118 0.218879 194.565 194.446
0.279412 0.838682 100.03 100.024
0.338235 0.329255 171.187 171.107
0.779412 0.889624 130.555 130.551
0.764706 0.303783 215.351 215.293
0.485294 0.0594331 278.183 278.223
0.132353 0.499064 89.0051 88.9872
0.264706 0.100013 241.11 240.903
0.75 0.753777 152.835 152.822
0.705882 0.320764 211.974 211.908
0.735294 0.60944 170.71 170.687
0.161765 0.499064 97.0542 97.0313
0.191176 0.499064 104.768 104.741
0.132473 0.125415 178.568 178.443
0.691176 0.295293 216.87 216.797
0.617647 0.881134 119.572 119.565
0.735294 0.660382 164.175 164.156
0.279412 0.176427 207.597 207.456
0.676471 0.150955 252.704 252.602
0.852941 0.150955 240.758 240.678
0.720588 0.550006 176.964 176.932
0.220588 0.499064 112.116 112.084
0.338235 0.685854 115.798 115.778
0.00855408 0.249853 55.3543 55.3724
0.294118 0.269822 177.553 177.455
0.147147 0.150905 171.889 171.782
0.794118 0.201898 234.806 234.732
0.308749 0.142486 228.622 228.461
0.279412 0.227369 187.79 187.678
0.382353 0.762268 115.03 115.015
0.852941 0.252841 219.673 219.622
0.294118 0.711325 107.402 107.386
0.735294 0.269822 222.365 222.294
0.927663 0.379248 202.078 202.061
0.882326 0.201902 224.683 224.628
0.75 0.651892 166.899 166.879
0.0885256 0.83037 71.1342 71.1393
0.411765 0.81321 113.732 113.721
0.588235 0.881134 117.908 117.901
0.132353 0.533026 86.5532 86.5386
0.147095 0.116975 192.291 192.121
0.264706 0.201898 193.362 193.237
0.558824 0.473592 173.833 173.781
0.927523 0.0922903 240.058 239.824
0.720588 0.278312 220.684 220.614
0.823529 0.201898 232.248 232.179
0.75 0.00840114 297.028 297.219
0.308824 0.295293 173.663 173.573
0.617647 0.60944 158.93 158.901
0.323529 0.660382 115.833 115.812
0.367647 0.651892 123.28 123.256
0.323529 0.167936 220.577 220.433
0.544121 0.176427 242.07 241.936
0.794118 0.320764 211.97 211.918
0.338021 0.124837 241.139 240.972
0.00838494 0.161771 58.215 58.1298
0.220588 0.736796 94.6325 94.6225
0.912074 0.626538 188.676 188.665
0.75 0.855662 134.777 134.771
0.647059 0.728306 145.256 145.238
0.588235 0.303783 210.646 210.562
0.705882 0.303783 215.346 215.278
0.205882 0.60944 98.5141 98.4966
0.823529 0.303783 213.696 213.649
0.352941 0.660382 120.279 120.257
0.632353 0.736796 142.567 142.551
0.661765 0.940567 111.393 111.388
0.323529 0.303783 174.691 174.605
0.220588 0.380198 129.862 129.812
0.720588 0.685854 159.125 159.107
0.264706 0.473592 125.952 125.911
0.764706 0.575478 177.691 177.666
0.441176 0.473592 159.082 159.03
0.235294 0.524535 112.65 112.62
0.397059 0.787739 114.477 114.464
0.338235 0.142465 233.629 233.473
0.323529 0.150955 227.617 227.462
0.720588 0.346236 207.51 207.451
0.573529 0.583968 157.972 157.938
0.602941 0.889624 117.428 117.421
0.852941 0.60944 182.969 182.955
0.323529 0.677363 114.357 114.337
0.691176 0.00819139 297.274 297.445
0.705882 0.762268 146.345 146.333
0.911446 0.371523 202.98 202.959
0.514706 0.295293 206.691 206.599
0.720588 0.329255 210.612 210.551
0.352727 0.116347 246.764 246.586
0.691176 0.702834 153.522 153.503
0.720588 0.940567 113.818 113.814
0.161765 0.176427 166.657 166.558
0.602941 0.753777 137.331 137.314
0.647059 0.711325 147.682 147.663
0.573529 0.753777 134.598 134.581
0.882283 0.473638 195.636 195.616
0.558824 0.201898 235.372 235.253
0.632353 0.634911 156.86 156.834
0.264706 0.456612 128.496 128.454
0.735294 0.524535 181.49 181.457
0.720588 0.702834 156.772 156.755
0.558824 0.167936 245.373 245.237
0.117647 0.354726 99.1311 99.1018
0.602941 0.940567 109.478 109.474
0.661765 0.889624 120.784 120.778
0.75 0.278312 220.416 220.351
0.588235 0.762268 134.79 134.775
0.397059 0.482083 150.715 150.666
0.176471 0.320764 127.383 127.325
0.676471 0.915096 116.902 116.897
0.602941 0.583968 161.066 161.034
0.308824 0.176427 214.228 214.087
0.367647 0.125484 244.723 244.569
0.661765 0.24435 227.92 227.833
0.852941 0.269822 217.032 216.982
0.558824 0.456612 176.812 176.759
0.455882 0.058808 277.462 277.482
0.867647 0.278312 214.621 214.579
0.132353 0.295293 115.223 115.172
0.397059 0.12602 247.721 247.614
0.500506 0.118265 258.378 258.192
0.411765 0.354726 178.648 178.572
0.220588 0.533026 108.364 108.338
0.764706 0.201898 236.656 236.578
0.661765 0.685854 152.799 152.779
0.191178 0.0751659 239.806 239.551
0.588235 0.779248 132.442 132.427
0.661765 0.702834 150.406 150.386
0.558824 0.575478 157.62 157.584
0.602941 0.736796 139.703 139.685
0.57353 0.176427 243.493 243.365
0.661765 0.753777 143.013 142.997
0.57353 0.193408 238.556 238.436
0.191176 0.550006 99.8991 99.8772
0.367647 0.736796 115.417 115.401
0.735294 0.252841 225.994 225.921
0.205882 0.320764 137.644 137.579
0.00841032 0.956206 56.4688 56.0865
0.691176 0.685854 155.907 155.888
0.617647 0.62642 156.537 156.509
0.852941 0.830191 156 155.992
0.720588 0.583968 172.54 172.514
0.42688 0.0589712 276.277 276.272
0.147059 0.524535 91.0136 90.9954
0.927562 0.279252 208.684 208.673
0.397374 0.059976 274.458 274.456
0.691176 0.278312 220.518 220.443
0.588235 0.575478 160.778 160.743
0.514706 0.448121 173.468 173.411
0.279412 0.482083 128.039 127.999
0.928325 0.635615 190.289 190.289
0.897059 0.278312 211.968 211.934
0.852941 0.218879 225.584 225.52
0.617647 0.660382 151.795 151.771
0.735294 0.405669 198.087 198.04
0.293322 0.100344 245.892 245.71
0.264706 0.150955 215.311 215.151
0.338235 0.397178 155.64 155.576
0.205882 0.524535 105.776 105.75
0.735294 0.371707 203.482 203.429
0.5 0.303783 203.032 202.943
0.573529 0.736796 136.881 136.863
0.470588 0.0673877 274.77 274.821
0.235294 0.100134 234.789 234.572
0.588235 0.201898 236.801 236.688
0.676471 0.201898 238.755 238.661
0.5 0.0679236 275.584 275.634
0.588235 0.456612 179.72 179.668
0.735294 0.354726 206.325 206.271
0.25 0.533026 114.973 114.943
0.588235 0.473592 176.797 176.747
0.455882 0.295293 199.996 199.904
0.676471 0.677363 155.528 155.506
0.514706 0.0594331 278.981 279.025
0.720588 0.533026 179.202 179.171
0.573529 0.397178 189.4 189.335
0.367647 0.634911 125.083 125.057
0.705882 0.354726 205.592 205.534
0.808824 0.193408 235.584 235.507
0.25 0.125484 224.289 224.106
0.367647 0.889624 105.273 105.268
0.75 0.397178 199.886 199.839
0.5 0.932076 107.541 107.536
0.896989 0.482128 195.691 195.675
0.882271 0.456664 196.866 196.846
0.558824 0.864153 118.607 118.598
0.735294 0.303783 215.551 215.488
0.882353 0.269822 214.418 214.375
0.823529 0.252841 222.094 222.037
0.338235 0.380198 159.231 159.165
0.117647 0.575478 80.3557 80.3453
0.75 0.550006 179.466 179.437
0.617647 0.728306 142.325 142.307
0.720588 0.753777 149.312 149.298
0.779412 0.80472 148.328 148.319
0.779412 0.278312 219.693 219.632
0.411765 0.456612 157.573 157.519
0.161777 0.0915175 217.438 217.229
0.632353 0.685854 149.76 149.739
0.132353 0.550006 85.4608 85.4467
0.867647 0.142465 240.545 240.452
0.75 0.380198 202.485 202.437
0.132353 0.329255 108.841 108.803
0.867619 0.906589 139.757 139.757
0.455882 0.583968 143.935 143.9
0.367647 0.142465 237.839 237.696
0.117647 0.711277 75.9574 75.953
0.911567 0.269936 211.329 211.297
0.794118 0.405669 199.841 199.802
0.691176 0.43114 191.923 191.875
0.735294 0.42265 195.523 195.478
0.720588 0.43114 193.544 193.5
0.632353 0.600949 161.63 161.599
0.911492 0.354568 204.17 204.147
0.426471 0.583968 139.891 139.857
0.897013 0.380171 202.682 202.66
0.661765 0.278312 219.936 219.856
0.632353 0.278312 218.953 218.869
0.691176 0.380198 200.49 200.434
0.617647 0.575478 163.799 163.764
0.705882 0.677363 158.671 158.651
0.573529 0.380198 192.808 192.741
0.397059 0.346236 178.212 178.133
0.367647 0.176427 224.725 224.595
0.102948 0.600953 75.6585 75.6516
0.602941 0.278312 217.577 217.488
0.235294 0.507554 114.614 114.583
0.147059 0.269822 127.502 127.438
0.794118 0.660382 170.952 170.937
0.867642 0.227373 222.301 222.248
0.367647 0.00849045 296.109 296.215
0.925009 0.500084 196.079 196.072
0.924882 0.483206 196.848 196.841
0.235294 0.762268 96.1786 96.1693
0.647059 0.320764 210.096 210.023
0.925817 0.346083 204.1 204.08
0.588235 0.728306 139.452 139.432
0.991187 0.102296 205.172 204.922
0.176471 0.558497 95.7279 95.7094
0.926464 0.991541 107.487 107.435
0.764706 0.779248 150.689 150.678
0.617647 0.524535 171.399 171.358
0.264706 0.066051 260.261 260.012
0.161765 0.634911 87.628 87.6166
0.161771 0.431137 104.319 104.29
0.764706 0.728306 158.473 158.458
0.867611 0.736817 172.887 172.881
0.558824 0.881134 116.317 116.309
0.939852 0.219337 212.134 212.098
0.220588 0.685854 96.7538 96.7407
0.397059 0.143001 241.2 241.081
0.411765 0.558497 141.262 141.225
0.338235 0.193408 213.416 213.287
0.191176 0.295293 138.694 138.624
0.411765 0.575478 138.915 138.88
0.794118 0.42265 197.686 197.648
0.852941 0.320764 210.057 210.016
0.382353 0.42265 158.985 158.924
0.808824 0.43114 197.098 197.065
0.147059 0.660382 83.4081 83.3995
0.25 0.227369 179.496 179.389
0.691176 0.600949 167.464 167.436
0.441527 0.0669918 273.786 273.779
0.352941 0.150955 232.377 232.23
0.661765 0.736796 145.518 145.503
0.941754 0.404527 200.631 200.606
0.705882 0.42265 194.1 194.051
0.382353 0.558497 136.699 136.663
0.867635 0.431148 198.523 198.499
0.838235 0.176427 236.428 236.355
0.588235 0.864153 120.39 120.382
0.191176 0.533026 101.41 101.388
0.367647 0.193408 218.507 218.383
0.779412 0.397178 200.658 200.615
0.514706 0.940567 106.997 106.994
0.897059 0.499064 194.644 194.627
0.705882 0.269822 222.494 222.419
0.191176 0.889624 91.2897 91.289
0.573529 0.278312 215.807 215.716
0.867635 0.448129 197.097 197.073
0.41243 0.0681599 271.905 271.885
0.882353 0.405669 200.793 200.77
0.367647 0.753777 114.057 114.041
0.927928 0.396383 201.16 201.134
0.411765 0.269822 200.827 200.727
0.382353 0.575478 134.436 134.401
0.426685 0.142514 244.459 244.339
0.441176 0.575478 143.121 143.085
0.191176 0.906605 92.2554 92.2545
0.352941 0.167936 225.662 225.525
0.617647 0.864153 122.249 122.241
0.75 0.702834 160.203 160.186
0.779412 0.193408 237.86 237.78
0.911275 0.473909 196.767 196.754
0.764706 0.62642 171.647 171.626
0.0737459 0.702922 66.6432 66.6425
0.485294 0.278312 208.046 207.949
0.838235 0.838682 151.337 151.337
0.838235 0.448121 196.198 196.17
0.573529 0.482083 173.902 173.853
0.958779 0.839321 184.436 184.432
0.176471 0.81321 86.7332 86.7288
0.927415 0.448854 198.547 198.529
0.823529 0.830191 150.395 150.388
0.352941 0.575478 129.666 129.632
0.897272 0.176293 226.79 226.73
0.647422 0.0664474 278.522 278.435
0.235294 0.60944 104.532 104.511
0.367998 0.0592307 273.116 273.105
0.573529 0.448121 179.813 179.758
0.720588 0.380198 201.635 201.583
0.205882 0.762268 91.5731 91.5653
0.338235 0.583968 126.151 126.12
0.897013 0.397152 201.409 201.387
0.426471 0.397178 171.548 171.48
0.764706 0.269822 221.778 221.711
0.397059 0.583968 135.592 135.558
0.264706 0.252841 175.073 174.975
0.91119 0.456982 197.708 197.694
0.676471 0.303783 214.746 214.673
0.486193 0.126849 254.614 254.461
0.882347 0.252844 216.666 216.623
0.176478 0.100026 217.134 216.933
0.5 0.779248 124.783 124.768
0.485294 0.702834 132.297 132.275
0.647059 0.62642 159.548 159.521
0.764706 0.558497 179.692 179.667
0.353386 0.0168526 292.016 292.017
0.925531 0.244458 212.069 212.037
0.75 0.346236 207.984 207.929
0.882341 0.422657 199.442 199.419
0.220588 0.787739 93.449 93.4418
0.382353 0.779248 113.678 113.664
0.75 0.448121 192.578 192.538
0.308824 0.736796 107.872 107.858
0.382353 0.150955 236.417 236.285
0.544118 0.940567 107.801 107.797
0.352941 0.728306 114.28 114.263
0.308824 0.685854 111.439 111.421
0.911712 0.405638 200.751 200.733
0.117961 0.0659793 218.57 218.401
0.161765 0.533026 94.1301 94.1114
0.852941 0.456612 195.898 195.874
0.5 0.728306 130.783 130.764
0.397059 0.329255 182.388 182.306
0.661765 0.651892 157.525 157.5
0.764706 0.456612 192.178 192.142
0.176471 0.201898 162.501 162.407
0.911471 0.507724 194.954 194.94
0.411765 0.151581 239.635 239.511
0.632353 0.583968 164.045 164.013
0.647059 0.864153 124.228 124.22
0.338235 0.651892 118.894 118.871
0.352941 0.558497 131.83 131.795
0.5 0.62642 143.67 143.639
0.514706 0.43114 176.661 176.602
0.397059 0.550006 140.21 140.171
0.426471 0.329255 187.124 187.041
0.5 0.830191 118.951 118.94
0.764706 0.371707 204.087 204.038
0.588236 0.167936 246.551 246.425
0.411766 0.218879 216.412 216.299
0.75 0.43114 194.938 194.897
0.602941 0.193408 239.734 239.622
0.220588 0.193408 183.188 183.062
0.75 0.533026 181.563 181.534
0.264706 0.167936 207.567 207.42
0.676471 0.269822 222.19 222.11
0.779412 0.448121 193.955 193.918
0.897059 0.346236 205.42 205.393
0.705882 0.405669 196.832 196.782
0.852941 0.42265 199.031 199.002
0.426478 0.176533 232.404 232.282
0.411765 0.371707 174.746 174.673
0.338235 0.600949 124.195 124.166
0.867647 0.600949 185.258 185.242
0.382609 0.0685325 269.957 269.961
0.617647 0.558497 166.284 166.249
0.838235 0.43114 197.894 197.865
0.882353 0.371707 203.671 203.643
0.867647 0.397178 201.53 201.502
0.338235 0.176427 219.885 219.748
0.808824 0.600949 179.118 179.098
0.991241 0.368303 200.351 200.419
0.779412 0.43114 196.118 196.081
0.705882 0.60944 167.779 167.754
0.294118 0.354726 154.974 154.906
0.823529 0.456612 194.803 194.775
0.382353 0.167936 230.006 229.878
0.75 0.227369 231.303 231.228
0.0328522 0.176421 79.0504 79.0004
0.367647 0.550006 135.452 135.414
0.441176 0.405669 172.013 171.948
0.308824 0.227369 195.01 194.896
0.33868 0.00836214 295.875 295.739
0.544118 0.278312 213.64 213.546
0.279412 0.278312 171.185 171.095
0.279412 0.753777 102.892 102.88
0.823529 0.42265 198.452 198.419
0.617647 0.473592 179.514 179.466
0.426471 0.278312 200.591 200.493
0.764706 0.354726 206.73 206.68
0.808824 0.448121 195.157 195.124
0.529412 0.864153 116.861 116.853
0.720588 0.397178 198.851 198.8
0.411765 0.303783 191.401 191.312
0.426471 0.550006 144.662 144.623
0.764706 0.405669 199.086 199.043
0.352941 0.201898 212.981 212.857
0.367647 0.583968 131.017 130.985
0.514706 0.278312 211.06 210.964
0.324189 0.0174995 291.052 291.043
0.867647 0.482083 194.358 194.337
0.00849045 0.632353 52.0649 52.0787
0.441427 0.150388 243.028 242.905
0.691176 0.397178 197.544 197.49
0.926043 0.142416 226.566 226.49
0.676471 0.711325 150.738 150.721
0.705882 0.915096 118.563 118.558
0.989956 0.338139 200.655 200.6
0.39706 0.176442 228.871 228.746
0.441218 0.167946 236.915 236.792
0.779412 0.380198 203.047 203.003
0.411766 0.168041 233.689 233.567
0.102663 0.00906685 285.799 285.669
0.485294 0.448121 169.819 169.762
0.294118 0.303783 167.727 167.644
0.485294 0.855662 115.153 115.144
0.617647 0.507554 174.037 173.995
0.588235 0.711325 141.771 141.751
0.308824 0.550006 124.959 124.925
0.382353 0.354726 173.599 173.524
0.691176 0.855662 129.102 129.095
0.529412 0.932076 108.453 108.449
0.470588 0.711325 129.704 129.683
0.411765 0.252841 205.827 205.723
0.647059 0.60944 161.916 161.888
0.104101 0.0735401 201.782 201.693
0.85294 0.864152 148.545 148.548
0.279412 0.550006 119.204 119.173
0.485294 0.685854 134.351 134.328
0.367647 0.482083 145.653 145.606
0.5 0.60944 145.981 145.95
0.323529 0.575478 124.591 124.559
0.941992 0.201576 213.492 213.444
0.441176 0.456612 162.121 162.067
0.235294 0.116994 225.138 224.947
0.456525 0.141901 247.304 247.175
0.676471 0.575478 169.526 169.494
0.426471 0.482083 155.399 155.349
0.161765 0.550006 92.8212 92.8031
0.397059 0.295293 191.31 191.217
0.852941 0.405669 200.675 200.646
0.161765 0.24435 141.113 141.034
0.323529 0.558497 126.64 126.608
0.264706 0.60944 110.253 110.23
0.89702 0.244373 216.035 215.99
0.764706 0.42265 196.714 196.673
0.470588 0.252841 213.454 213.349
0.779412 0.125484 256.374 256.284
0.397059 0.227369 211.546 211.434
0.720588 0.651892 163.695 163.673
0.852941 0.473592 194.398 194.374
0.981196 0.353501 200.961 200.966
0.676471 0.660382 157.878 157.856
0.323529 0.354726 161.804 161.733
0.00897283 0.927457 54.2217 54.2339
0.544118 0.855662 118.826 118.816
0.794118 0.456612 193.569 193.536
0.867647 0.380198 203.123 203.095
0.602941 0.787739 132.525 132.512
0.294118 0.558497 121.121 121.091
0.882353 0.354726 205.211 205.183
0.0589969 0.728668 63.2531 63.2542
0.5 0.762268 126.76 126.744
0.397059 0.278312 196.063 195.966
0.514706 0.499064 164.51 164.462
0.602941 0.448121 182.55 182.497
0.5 0.711325 132.835 132.815
0.5 0.915096 109.43 109.425
0.5 0.81321 120.881 120.869
0.455882 0.00849045 296.726 296.694
0.991338 0.455815 199.795 199.772
0.309038 0.00913736 295.098 295.238
0.617647 0.201898 237.848 237.741
0.411765 0.320764 186.971 186.885
0.441176 0.558497 145.537 145.499
0.441176 0.864153 111.556 111.548
0.397059 0.24435 206.179 206.072
0.852941 0.371707 204.168 204.134
0.470588 0.507554 157.471 157.425
0.382353 0.405669 162.388 162.325
0.514706 0.550006 156.376 156.336
0.514797 0.125503 256.669 256.498
0.235294 0.660382 100.88 100.865
0.779412 0.346236 208.118 208.067
0.426471 0.702834 125.659 125.638
0.647059 0.269822 221.472 221.387
0.867642 0.244354 219.547 219.493
0.220588 0.176427 190.575 190.443
0.838235 0.533026 188.274 188.253
0.514706 0.583968 151.334 151.299
0.264706 0.711325 102.885 102.871
0.397059 0.380198 170.39 170.321
0.602941 0.176427 244.553 244.435
0.882353 0.507554 193.255 193.238
0.441527 0.084062 267.273 267.245
0.911534 0.252974 213.114 213.081
0.5 0.575478 150.791 150.754
0.514706 0.634911 144.237 144.209
0.25 0.142465 215.641 215.475
0.573529 0.855662 120.678 120.669
0.485294 0.753777 126.352 126.335
0.25 0.583968 109.704 109.68
0.838235 0.380198 203.349 203.315
0.338235 0.550006 130.372 130.336
0.514706 0.600949 148.913 148.879
0.5 0.524535 158.545 158.5
0.661765 0.80472 135.167 135.155
0.176471 0.524535 98.5554 98.5329
0.838235 0.193408 232.524 232.45
0.838235 0.482083 192.938 192.914
0.75 0.482083 188.035 188.001
0.485294 0.838682 116.975 116.964
0.99117 0.307954 200.823 200.902
0.617647 0.269822 220.353 220.264
0.470588 0.269822 208.69 208.59
0.75 0.499064 185.842 185.808
0.500091 0.16794 241.935 241.8
0.867647 0.855662 153.83 153.823
0.632353 0.533026 171.501 171.463
0.426471 0.380198 175.201 175.131
0.455883 0.24435 214.216 214.11
0.279412 0.736796 103.738 103.725
0.264706 0.762268 100.468 100.457
0.514706 0.533026 159.004 158.963
0.573529 0.43114 182.906 182.849
0.514706 0.702834 135.426 135.404
0.661765 0.634911 159.87 159.845
0.0589637 0.863549 66.1012 66.0951
0.823529 0.473592 193.054 193.026
0.662115 0.0917248 270.54 270.433
0.353297 0.0675145 268.421 268.345
0.617647 0.456612 182.362 182.312
0.5 0.507554 161.294 161.248
0.455882 0.278312 204.569 204.472
0.691176 0.142465 254.991 254.892
0.544121 0.193408 237 236.876
0.382353 0.473592 149.666 149.615
0.588235 0.269822 218.839 218.746
0.279412 0.634911 110.728 110.707
0.927827 0.431597 199.369 199.36
0.705882 0.660382 160.982 160.962
0.352941 0.473592 144.372 144.323
0.925605 0.227362 213.839 213.802
0.529412 0.660382 142.484 142.458
0.441176 0.711325 126.447 126.427
0.661765 0.482083 181.838 181.795
0.75 0.329255 210.897 210.841
0.5 0.558497 153.297 153.259
0.323529 0.269822 184.496 184.396
0.691176 0.838682 132.152 132.144
0.176471 0.728306 87.1752 87.1684
0.441176 0.354726 183.184 183.107
0.661765 0.99151 101.641 101.597
0.470588 0.677363 133.713 133.688
0.485294 0.736796 128.3 128.282
0.00864822 0.661539 52.0354 52.0134
0.161765 0.651892 86.847 86.8368
0.632353 0.99151 101.494 101.528
0.735294 0.320764 212.354 212.292
0.602941 0.855662 122.586 122.577
0.823529 0.371707 204.417 204.378
0.5 0.660382 139.204 139.178
0.514706 0.651892 141.975 141.947
0.264706 0.62642 108.787 108.766
0.25 0.550006 113.105 113.077
0.632353 0.855662 124.59 124.582
0.602941 0.397178 191.896 191.833
0.471088 0.150969 245.35 245.213
0.426472 0.22737 215.695 215.583
0.205882 0.558497 102.559 102.537
0.588235 0.371707 195.778 195.709
0.485294 0.295293 203.573 203.481
0.75 0.685854 162.491 162.476
0.25 0.0916439 242.927 242.705
0.720588 0.24435 228.111 228.032
0.632353 0.499064 176.713 176.669
0.426471 0.24435 210.475 210.369
0.764706 0.60944 173.676 173.655
0.529412 0.62642 147.066 147.036
0.558824 0.660382 145.656 145.63
0.632353 0.482083 179.409 179.364
0.981126 0.322564 201.499 201.488
0.838235 0.397178 201.463 201.429
0.647059 0.507554 176.692 176.652
0.966711 0.853287 186.085 186.099
0.896892 0.448227 197.865 197.846
0.991606 0.278891 201.051 200.94
0.544134 0.125487 257.997 257.818
0.352941 0.864153 105.604 105.598
0.867647 0.499064 193.033 193.013
0.441176 0.660382 132.212 132.187
0.147059 0.677363 82.8268 82.8195
0.911672 0.422699 199.71 199.692
0.0725715 0.227361 98.3833 98.3416
0.941693 0.422681 199.863 199.862
0.279412 0.499064 125.636 125.598
0.279412 0.855662 99.7303 99.7243
0.25 0.736796 99.3318 99.3203
0.676471 0.728306 148.287 148.269
0.382353 0.320764 181.982 181.896
0.544118 0.651892 145.226 145.199
0.279412 0.600949 113.809 113.784
0.823529 0.167936 240.308 240.225
0.794118 0.524535 185.9 185.873
0.852941 0.201898 228.897 228.834
0.896962 0.431201 199.005 198.986
0.5 0.269822 211.876 211.777
0.647059 0.473592 182.001 181.955
0.205882 0.252841 156.113 156.03
0.676471 0.473592 184.278 184.234
0.676471 0.116994 262.695 262.591
0.205882 0.303783 141.736 141.67
0.764706 0.320764 212.354 212.297
0.426471 0.651892 131.343 131.316
0.485294 0.634911 140.791 140.763
0.779412 0.329255 210.814 210.762
0.735294 0.218879 233.748 233.667
0.382353 0.252841 201.165 201.06
0.411765 0.405669 167.428 167.364
0.294118 0.575478 119.201 119.172
0.264706 0.371707 143.805 143.743
0.279412 0.00849045 294.992 294.849
0.5 0.677363 137.042 137.018
0.852941 0.507554 191.487 191.466
0.661765 0.600949 164.568 164.539
0.0171387 0.646833 54.0917 54.0916
0.764706 0.507554 185.785 185.755
0.573529 0.889624 115.906 115.899
0.352941 0.354726 167.999 167.925
0.132532 0.142362 168.41 168.284
0.529412 0.60944 149.423 149.392
0.823529 0.405669 200.365 200.331
0.647059 0.524535 174.128 174.089
0.470588 0.456612 166.297 166.242
0.308824 0.583968 120.981 120.953
0.426471 0.295293 195.923 195.831
0.147134 0.167893 163.301 163.193
0.514706 0.838682 118.999 118.989
0.514706 0.685854 137.573 137.55
0.764706 0.762268 153.406 153.396
0.338235 0.533026 132.645 132.608
0.264706 0.558497 115.267 115.238
0.470588 0.728306 127.765 127.746
0.455882 0.685854 130.999 130.976
0.205883 0.456611 113.658 113.624
0.5 0.371707 187.085 187.013
0.808824 0.380198 203.33 203.291
0.691176 0.651892 160.581 160.557
0.588236 0.150956 251.606 251.472
0.75 0.24435 227.508 227.434
0.573529 0.651892 148.376 148.35
0.544118 0.634911 147.539 147.511
0.147059 0.558497 88.6056 88.5908
0.632353 0.346236 204.035 203.965
0.867647 0.838682 157.489 157.491
0.602941 0.43114 185.569 185.513
0.382353 0.269822 196.053 195.953
0.617647 0.42265 188.316 188.259
0.529412 0.711325 135.869 135.849
0.896993 0.227395 218.34 218.296
0.558824 0.269822 216.929 216.833
0.647059 0.81321 132.511 132.5
0.455882 0.702834 129.05 129.028
0.838235 0.499064 191.362 191.338
0.617647 0.371707 197.965 197.899
0.323529 0.728306 110.429 110.413
0.691176 0.906605 119.395 119.391
0.632353 0.550006 168.975 168.938
0.808824 0.397178 201.179 201.14
0.823528 0.881133 138.76 138.757
0.911423 0.524733 194.052 194.039
0.764706 0.524535 183.733 183.703
0.992675 0.249796 201.189 201.365
0.808824 0.651892 173.694 173.677
0.882353 0.116994 245.019 244.907
0.764706 0.473592 190.002 189.967
0.103965 0.0904904 185.587 185.494
0.411765 0.711325 123.038 123.019
0.5 0.42265 176.544 176.482
0.191177 0.193408 172.178 172.061
0.661765 0.855662 126.742 126.734
0.529412 0.269822 214.613 214.516
0.661765 0.499064 179.235 179.194
0.5 0.456612 170.122 170.067
0.558824 0.252841 221.339 221.238
0.558826 0.150956 250.556 250.408
0.764706 0.252841 225.225 225.157
0.455882 0.855662 113.275 113.266
0.00936284 0.691752 52.1536 52.1682
0.338235 0.736796 111.758 111.742
0.367647 0.24435 201.263 201.155
0.602941 0.380198 195.213 195.148
0.632353 0.787739 135.119 135.106
0.911581 0.2189 217.226 217.177
0.382353 0.303783 186.465 186.376
0.529412 0.728306 133.716 133.696
0.514706 0.736796 131.214 131.196
0.588235 0.42265 185.84 185.781
0.544118 0.702834 138.467 138.445
0.514706 0.787739 125.052 125.038
0.485294 0.482083 163.718 163.667
0.235294 0.42265 126.536 126.49
0.455945 0.176334 235.529 235.404
0.441176 0.269822 205.021 204.922
0.882345 0.52454 192.088 192.07
0.514706 0.482083 167.396 167.346
0.705882 0.830191 135.048 135.039
0.132353 0.278312 118.884 118.836
0.147088 0.0999986 204.332 204.151
0.617647 0.405669 191.429 191.371
0.5 0.881134 113.22 113.212
0.470588 0.864153 113.362 113.354
0.485294 0.43114 173.039 172.98
0.617647 0.354726 201.394 201.325
0.470588 0.303783 199.642 199.552
0.852941 0.524535 190.065 190.044
0.588235 0.405669 189.045 188.984
0.161765 0.193408 159.284 159.181
0.485835 0.142576 249.252 249.111
0.25 0.24435 173.584 173.481
0.25 0.074663 252.943 252.685
0.470588 0.371707 183.412 183.339
0.308824 0.855662 102.408 102.401
0.25 0.685854 101.929 101.914
0.529412 0.371707 190.356 190.284
0.352941 0.320764 176.398 176.314
0.441177 0.252841 209.904 209.8
0.514706 0.397178 183.397 183.33
0.426471 0.685854 127.492 127.469
0.838235 0.142465 245.277 245.186
0.794118 0.473592 191.594 191.562
0.264706 0.320764 155.531 155.455
0.75 0.193408 239.452 239.369
0.25025 0.00760639 295.037 295.295
0.691176 0.99151 101.807 101.855
0.235294 0.218879 178.022 177.908
0.529432 0.150959 249.165 249.013
0.705882 0.62642 165.529 165.504
0.0887685 0.219154 110.312 110.259
0.705882 0.167936 247.553 247.46
0.426471 0.448121 161.459 161.402
0.102941 0.889624 78.2485 78.2461
0.294332 0.0176278 290.116 290.153
0.632353 0.329255 207.579 207.506
0.705882 0.252841 226.281 226.203
0.942421 0.627206 192.489 192.492
0.573533 0.142466 253.722 253.575
0.455882 0.329255 191.343 191.259
0.991391 0.0733755 207.389 207.421
0.25 0.176427 199.794 199.655
0.911422 0.6775 185.506 185.497
0.117904 0.116845 175.119 174.964
0.25 0.634911 105.38 105.361
0.808824 0.533026 186.083 186.059
0.25 0.600949 108.163 108.14
0.397059 0.448121 156.699 156.643
0.367647 0.346236 172.897 172.819
0.191178 0.0916256 228.077 227.864
0.88232 0.218886 221.775 221.717
0.441176 0.677363 130.234 130.21
0.485294 0.651892 138.595 138.567
0.764706 0.660382 167.488 167.471
0.147059 0.252841 132.015 131.955
0.500155 0.150974 247.427 247.282
0.982776 0.292727 201.885 201.888
0.794118 0.354726 206.809 206.764
0.529426 0.116996 260.166 259.975
0.5 0.473592 167.079 167.026
0.0884662 0.252974 102.467 102.432
0.602941 0.838682 125.117 125.107
0.544134 0.142468 252.573 252.414
0.5 0.354726 190.861 190.785
0.382353 0.371707 169.689 169.617
0.514706 0.753777 129.144 129.126
0.25 0.753777 98.6595 98.6494
0.5 0.405669 179.93 179.866
0.485294 0.499064 160.828 160.779
0.514706 0.855662 116.994 116.985
0.279412 0.295293 166.29 166.203
0.308824 0.329255 164.621 164.544
0.603156 0.124837 259.907 259.779
0.852941 0.62642 181.498 181.483
0.264706 0.507554 121.292 121.257
0.514706 0.380198 186.946 186.876
0.514706 0.80472 123.026 123.013
0.264706 0.269822 169.712 169.618
0.544118 0.838682 121.009 120.998
0.794118 0.371707 204.395 204.351
0.882167 0.762375 172.657 172.653
0.367647 0.329255 177.092 177.011
0.764706 0.711325 160.843 160.83
0.4854 0.176416 238.103 237.973
0.470588 0.42265 172.755 172.693
0.529412 0.830191 121.051 121.04
0.529412 0.677363 140.25 140.225
0.426471 0.43114 164.681 164.622
0.647059 0.983019 103.127 103.129
0.661765 0.838682 129.619 129.61
0.676471 0.81321 135.149 135.139
0.808824 0.176427 239.698 239.621
0.514804 0.142484 251.085 250.931
0.720588 0.99151 102.001 101.942
0.882397 0.609456 186.24 186.228
0.294118 0.320764 163.23 163.149
0.235294 0.677363 99.8543 99.8397
0.720588 0.448121 191.01 190.966
0.676471 0.830191 132.307 132.297
0.00932897 0.543896 52.5921 52.585
0.117647 0.320764 104.227 104.187
0.544118 0.99151 101.116 101.104
0.338235 0.346236 166.997 166.92
0.602942 0.142465 254.545 254.418
0.794118 0.81321 148.909 148.904
0.191176 0.80472 88.9465 88.9428
0.264706 0.524535 119.163 119.13
0.279412 0.346236 153.261 153.19
0.991203 0.162687 202.943 202.782
0.779412 0.634911 172.231 172.213
0.823529 0.62642 178.102 178.085
0.0885085 0.354568 87.5689 87.5458
0.470588 0.660382 135.789 135.763
0.5 0.864153 115.122 115.114
0.779412 0.787739 151.276 151.268
0.455882 0.448121 165.824 165.767
0.529412 0.881134 114.764 114.756
0.735294 0.473592 188.262 188.223
0.25 0.193408 192.585 192.454
0.397059 0.397178 166.735 166.669
0.205882 0.915096 94.0998 94.1003
0.779412 0.583968 178.076 178.054
0.235294 0.62642 103.218 103.199
0.235294 0.201898 184.598 184.479
0.411765 0.42265 164.001 163.94
0.0180111 0.67682 54.1797 54.1787
0.867639 0.53303 190.433 190.416
0.897059 0.0915224 250.272 250.122
0.132353 0.482083 90.3732 90.3552
0.588235 0.354726 199.312 199.241
0.691176 0.125484 259.976 259.874
0.809233 0.0917585 264.749 264.65
0.705882 0.116994 262.242 262.144
0.808824 0.482083 191.422 191.394
0.338235 0.295293 180.243 180.152
0.455882 0.43114 169.054 168.994
0.779412 0.651892 170.224 170.205
0.455882 0.651892 135.059 135.032
0.25 0.651892 104.135 104.117
0.470588 0.473592 163.247 163.194
0.397059 0.43114 159.895 159.837
0.984281 0.263981 202.258 202.244
0.676471 0.881134 123.295 123.289
0.823481 0.0664277 272.618 272.528
0.75 0.99151 102.234 102.293
0.617647 0.252841 224.528 224.435
0.544118 0.685854 140.694 140.671
0.989954 0.132601 204.368 204.408
0.867647 0.787739 166.321 166.318
0.308824 0.600949 119.152 119.125
0.720588 0.227369 232.057 231.976
0.558824 0.81321 125.404 125.392
0.573529 0.24435 224.511 224.409
0.25 0.702834 100.967 100.954
0.279412 0.329255 157.341 157.268
0.735294 0.201898 237.883 237.801
0.676471 0.60944 164.856 164.829
0.338235 0.80472 107.415 107.405
0.705882 0.150955 252.293 252.197
0.925743 0.533423 194.635 194.623
0.779412 0.482083 189.793 189.761
0.264706 0.864153 98.2455 98.241
0.529412 0.0679236 276.406 276.455
0.823529 0.524535 188.006 187.982
0.470717 0.167844 239.674 239.545
0.264706 0.575478 113.49 113.463
0.441176 0.42265 168.583 168.52
0.308824 0.346236 160.466 160.392
0.676471 0.983019 103.437 103.435
0.529412 0.81321 123.146 123.134
0.779412 0.600949 176.149 176.127
0.867647 0.651892 181.135 181.122
0.205883 0.150957 197.701 197.551
0.676471 0.864153 126.38 126.372
0.588235 0.252841 223.132 223.035
0.485294 0.889624 111.545 111.538
0.720588 0.193408 240.45 240.363
0.558824 0.677363 143.364 143.34
0.176471 0.711325 87.6129 87.6043
0.867647 0.125484 245.423 245.332
0.00901079 0.749427 52.05 52.0738
0.279412 0.533026 121.224 121.192
0.897002 0.533058 192.57 192.555
0.602941 0.346236 202.184 202.111
0.161514 0.00760639 292.391 292.111
0.235294 0.779248 95.7482 95.7405
0.279412 0.583968 115.5 115.474
0.264956 0.0160968 290.017 290.079
0.558826 0.116994 261.251 261.07
0.323529 0.60944 120.8 120.774
0.514706 0.906605 110.994 110.988
0.544118 0.80472 125.361 125.348
0.676471 0.62642 162.536 162.51
0.485294 0.906605 109.755 109.749
0.264706 0.728306 101.985 101.972
0.382353 0.456612 152.629 152.577
0.426482 0.00846273 296.568 296.631
0.235294 0.150955 207.323 207.165
0.794118 0.62642 174.823 174.803
0.455882 0.380198 179.544 179.473
0.485294 0.380198 183.449 183.379
0.808824 0.583968 180.868 180.848
0.58845 0.116347 262.237 262.095
0.161765 0.838682 85.0294 85.0264
0.780013 0.0910985 267.245 267.155
0.411765 0.660382 128.449 128.425
0.529412 0.915096 110.56 110.554
0.558824 0.830191 123.15 123.138
0.264706 0.303783 159.957 159.878
0.779412 0.499064 187.781 187.75
0.647059 0.830191 129.808 129.798
0.25 0.278312 162.879 162.794
0.662115 0.0747439 275.881 275.771
0.529412 0.762268 129.457 129.441
0.720588 0.176427 244.904 244.814
0.779412 0.142465 251.37 251.281
0.691176 0.634911 162.882 162.859
0.0727128 0.00875078 280.638 281.312
0.691176 0.889624 122.721 122.715
0.632353 0.838682 127.294 127.285
0.264706 0.354726 147.469 147.405
0.823529 0.320764 211.202 211.155
0.882353 0.660382 182.439 182.429
0.426471 0.855662 111.333 111.324
0.779412 0.176427 242.119 242.037
0.294118 0.864153 100.915 100.91
0.529412 0.354726 194.063 193.988
0.0723463 0.244332 95.0156 94.9373
0.514706 0.346236 194.434 194.356
0.617647 0.830191 127.485 127.474
0.925846 0.685586 187.329 187.322
0.235294 0.167936 199.23 199.085
0.794118 0.864153 138.425 138.421
0.161765 0.702834 85.0286 85.0215
0.205882 0.218879 167.804 167.697
0.294118 0.60944 115.675 115.65
0.794118 0.60944 176.697 176.678
0.573532 0.125485 259.004 258.843
0.720588 0.600949 170.343 170.317
0.176471 0.830191 87.0573 87.0557
0.132353 0.00849045 289.631 290
0.794118 0.116994 257.827 257.735
0.981141 0.117251 209.345 209.307
0.823529 0.150955 244.797 244.713
0.367647 0.787739 111.525 111.513
0.352941 0.762268 111.723 111.709
0.882206 0.881049 151.089 151.079
0.838235 0.583968 183.695 183.678
0.0075337 0.808989 51.8197 51.8705
0.676471 0.100013 267.881 267.774
0.676471 0.405669 195.311 195.257
0.808824 0.634911 175.54 175.524
0.470588 0.881134 111.659 111.652
0.220588 0.227369 169.972 169.872
0.117811 0.473498 86.8075 86.7913
0.455882 0.397178 175.91 175.842
0.176471 0.218879 156.04 155.944
0.573529 0.838682 123.036 123.026
0.102941 0.278312 105.025 104.991
0.809433 0.0748932 270.707 270.6
0.808824 0.142465 248.805 248.716
0.602941 0.24435 226.046 225.949
0.529412 0.779248 127.347 127.332
0.897059 0.329255 206.903 206.876
0.927787 0.0751572 246.798 246.65
0.705882 0.983019 103.792 103.794
0.838245 0.12549 250.274 250.182
0.161765 0.227369 146.57 146.496
0.191176 0.227369 159.05 158.961
0.764706 0.677363 165.342 165.324
0.102941 0.329255 96.6989 96.6703
0.838235 0.99151 103.413 103.321
0.382353 0.62642 128.206 128.178
0.161765 0.685854 85.5453 85.5366
0.808822 0.753778 160.953 160.941
0.882353 0.100013 250.744 250.632
0.823529 0.660382 174.591 174.577
0.117647 0.269822 113.926 113.874
0.897059 0.651892 185.112 185.101
0.352941 0.456612 147.267 147.216
0.896177 0.754226 176.413 176.406
0.588235 0.830191 125.281 125.27
0.514706 0.889624 112.993 112.986
0.838235 0.634911 178.976 178.962
0.367647 0.80472 110.351 110.34
0.544118 0.787739 127.532 127.518
0.161771 0.448117 102.305 102.276
0.925709 0.550126 193.891 193.879
0.0724265 0.279308 89.4088 89.4072
0.823529 0.354726 206.572 206.532
0.794468 0.100215 263.184 263.089
0.25 0.295293 158.05 157.967
0.67622 0.0669351 278.303 278.176
0.882194 0.77934 170.536 170.527
0.352941 0.881134 104.783 104.776
0.808824 0.125484 253.827 253.735
0.632353 0.43114 187.949 187.896
0.794118 0.167936 243.203 243.119
0.808824 0.329255 210.362 210.316
0.367647 0.43114 154.671 154.614
0.485294 0.397178 179.851 179.783
0.132429 0.176383 151.315 151.25
0.602941 0.99151 101.36 101.332
0.896967 0.787715 172.7 172.7
0.10298 0.244373 112.266 112.211
0.367647 0.906605 104.392 104.387
0.823409 0.0504738 278.898 278.807
0.647059 0.456612 184.757 184.709
0.779412 0.533026 183.851 183.824
0.529412 0.524535 162.093 162.049
0.161766 0.482082 98.6792 98.6559
0.661765 0.346236 205.537 205.47
0.117647 0.303783 107.141 107.104
0.00931373 0.839599 52.4258 52.393
0.867646 0.583969 186.567 186.552
0.147069 0.422644 100.782 100.753
0.911516 0.660526 186.596 186.588
0.0884332 0.269936 99.2555 99.2219
0.102941 0.346236 94.423 94.3925
0.867647 0.634911 182.549 182.537
0.352941 0.81321 108.391 108.381
0.411765 0.677363 126.582 126.558
0.720588 0.787739 143.904 143.894
0.294118 0.62642 114.064 114.04
0.808824 0.499064 189.616 189.588
0.823529 0.81321 153.656 153.652
0.294118 0.507554 127.579 127.541
0.470588 0.405669 176.172 176.107
0.205882 0.81321 91.1764 91.1711
0.794118 0.881134 134.429 134.425
0.927811 0.652638 189.396 189.387
0.897045 0.804544 170.448 170.436
0.808824 0.346236 207.914 207.869
0.720588 0.499064 183.782 183.745
0.981157 0.148229 206.983 206.998
0.735294 0.983019 104.212 104.213
0.882397 0.626437 185.018 185.005
0.882227 0.86408 155.441 155.448
0.852941 0.660382 178.418 178.407
0.897059 0.0745415 257.313 257.155
0.132385 0.448103 93.4494 93.4271
0.161765 0.889624 87.7161 87.7159
0.323529 0.524535 131.078 131.04
0.982579 0.0874365 211.96 211.949
0.852941 0.81321 159.174 159.172
0.5 0.252841 216.521 216.417
0.823598 0.100052 260.419 260.318
0.264706 0.881134 98.2154 98.211
0.837946 0.0748469 267.864 267.757
0.338235 0.753777 110.564 110.55
0.205882 0.201898 174.39 174.281
0.661765 0.583968 166.933 166.903
0.132358 0.244354 127.432 127.366
0.308824 0.838682 102.955 102.948
0.852951 0.116999 250.702 250.599
0.647059 0.558497 169.14 169.106
0.896095 0.854975 161.322 161.301
0.990529 0.0440716 214.152 213.075
0.70549 0.100363 267.341 267.238
0.808824 0.80472 152.744 152.735
0.676471 0.252841 226.116 226.033
0.117369 0.0175573 276.329 276.24
0.735294 0.456612 190.617 190.577
0.279412 0.889624 99.385 99.3816
0.147059 0.864153 83.8934 83.8916
0.661765 0.329255 208.951 208.882
0.294118 0.762268 104.47 104.458
0.323529 0.507554 133.475 133.435
0.867647 0.346236 206.542 206.508
0.794118 0.507554 187.766 187.738
0.235294 0.252841 166.183 166.091
0.235294 0.830191 95.1245 95.1194
0.176471 0.915096 91.3766 91.3783
0.104027 0.125242 159.674 159.609
0.294118 0.881134 100.607 100.602
0.352941 0.779248 110.547 110.535
0.867647 0.80472 163.693 163.684
0.0741027 0.906092 73.9094 73.9355
0.794118 0.150955 247.793 247.707
0.838235 0.80472 157.828 157.819
0.14706 0.201899 148.696 148.622
0.823529 0.507554 189.662 189.637
0.338235 0.278312 185.124 185.029
0.352941 0.830191 107.406 107.396
0.896223 0.889453 152.645 152.644
0.132353 0.889624 83.4487 83.4482
0.470588 0.779248 122.163 122.148
0.102889 0.447984 84.1981 84.1811
0.367647 0.448121 151.522 151.468
0.176471 0.660382 89.5047 89.4934
0.235294 0.269822 160.875 160.786
0.823539 0.116999 254.845 254.748
0.14706 0.21888 142.558 142.475
0.367647 0.295293 186.103 186.011
0.338235 0.838682 105.656 105.648
0.102941 0.295293 101.973 101.934
0.323529 0.864153 103.354 103.348
0.338235 0.787739 108.394 108.383
0.205883 0.473592 111.488 111.455
0.808823 0.906605 129.73 129.73
0.220588 0.80472 93.2814 93.2759
0.220588 0.24435 164.089 163.992
0.191176 0.838682 89.4093 89.4057
0.911765 0.066051 257.075 256.855
0.132359 0.227373 132.41 132.352
0.382353 0.932076 103.672 103.668
0.14706 0.473592 95.3624 95.3395
0.485294 0.24435 217.455 217.348
0.897103 0.634928 186.262 186.251
0.147066 0.405665 102.87 102.841
0.455882 0.889624 110.071 110.064
0.441188 0.0169532 293.31 293.302
0.441176 0.371707 179.31 179.236
0.794118 0.575478 180.387 180.363
0.117653 0.252844 117.871 117.825
0.146808 0.0160968 282.387 282.496
0.294118 0.524535 125.306 125.269
0.691176 0.329255 209.963 209.897
0.441176 0.881134 110.059 110.051
0.147059 0.881134 85.0194 85.0218
0.911758 0.983051 112.122 112.167
0.690534 0.0757753 275.319 275.214
0.161765 0.855662 85.7141 85.7145
0.117838 0.456501 88.1991 88.1823
0.323529 0.81321 105.461 105.451
0.690784 0.0918721 270.239 270.136
0.632353 0.448121 185.023 184.971
0.161765 0.906605 89.0537 89.0549
0.205882 0.830191 91.3014 91.2979
0.13239 0.431119 95.1633 95.1407
0.764706 0.167936 245.293 245.207
0.132354 0.193408 144.244 144.161
0.0437938 0.00841032 268.336 269.218
0.838235 0.855662 147.617 147.611
0.279412 0.906605 99.3328 99.3289
0.176471 0.677363 88.7805 88.7707
0.779412 0.736796 159.191 159.18
0.0738183 0.889275 71.8642 71.8608
0.794118 0.677363 168.939 168.922
0.308824 0.533026 127.114 127.079
0.411765 0.864153 109.677 109.669
0.838235 0.651892 177.328 177.313
0.397059 0.685854 123.804 123.782
0.25 0.397178 134.892 134.838
0.838235 0.346236 207.383 207.343
0.676471 0.42265 192.432 192.38
0.92609 0.32926 205.172 205.151
0.779412 0.550006 181.92 181.894
0.98192 0.0586236 218.673 218.623
0.338235 0.855662 104.871 104.864
0.823528 0.779249 159.449 159.439
0.647059 0.575478 166.706 166.673
0.882353 0.320764 208.555 208.521
0.0871407 0.0178176 267.943 267.825
0.0885197 0.914931 78.5157 78.5153
0.735294 0.167936 246.708 246.619
0.838235 0.329255 209.547 209.507
0.85294 0.575479 185.836 185.817
0.661765 0.550006 171.739 171.704
0.0744183 0.346072 82.5877 82.5643
0.911828 0.201767 219.58 219.531
0.367647 0.278312 190.93 190.833
0.691176 0.550006 174.395 174.362
0.764706 0.150955 249.942 249.855
0.176471 0.932076 92.8206 92.8202
0.455882 0.346236 187.257 187.177
0.529412 0.507554 164.841 164.795
0.397059 0.702834 122.098 122.078
0.75 0.176427 243.818 243.733
0.705882 0.524535 179.154 179.119
0.897245 0.193277 223.678 223.61
0.352941 0.303783 180.915 180.827
0.323529 0.830191 104.691 104.682
0.0183795 0.912761 57.196 57.228
0.147064 0.456608 97.0362 97.0132
0.720588 0.125484 259.309 259.213
0.0722286 0.296174 87.1055 87.0591
0.0168474 0.825058 54.1869 54.2082
0.485294 0.346236 191.063 190.984
0.794118 0.779248 154.81 154.799
0.102941 0.906605 80.213 80.2236
0.735294 0.150955 251.402 251.311
0.705882 0.201898 238.563 238.475
0.882272 0.813151 165.577 165.575
0.220589 0.142467 207.095 206.931
0.308824 0.499064 131.794 131.753
0.661765 0.397178 195.956 195.899
0.235294 0.320764 147.018 146.946
0.617647 0.983019 102.849 102.846
0.352941 0.915096 103.271 103.268
0.779412 0.702834 163.855 163.839
0.852941 0.354726 206.031 205.997
0.602941 0.906605 114.803 114.798
0.220588 0.43114 121.247 121.206
0.882287 0.575466 188.603 188.587
0.808823 0.787739 155.667 155.662
0.882272 0.830132 162.629 162.618
0.691176 0.24435 228.237 228.154
0.764998 0.0992822 265.47 265.384
0.927992 0.192467 217.655 217.57
0.352941 0.269822 190.634 190.534
0.750177 0.0904418 269.048 268.957
0.220589 0.125486 216.264 216.083
0.911374 0.575356 191.385 191.373
0.191178 0.44812 110.748 110.713
0.808823 0.889624 134.306 134.304
0.647059 0.201898 238.506 238.406
0.779412 0.685854 166.045 166.031
0.352941 0.252841 195.848 195.743
0.838235 0.550006 186.75 186.729
0.25 0.329255 149.296 149.228
0.617647 0.150956 252.323 252.203
0.691176 0.176427 245.463 245.368
0.308824 0.889624 101.521 101.516
0.294118 0.81321 102.315 102.306
0.896139 0.838007 164.725 164.718
0.0576831 0.0171611 254.01 253.901
0.470588 0.354726 187.244 187.167
0.705882 0.507554 181.507 181.471
0.823529 0.575478 183.098 183.077
0.942343 0.609019 193.176 193.16
0.852911 0.100063 256.404 256.299
0.661765 0.142465 255.21 255.105
0.911765 0.320764 206.734 206.707
0.176472 0.473592 103.621 103.593
0.132353 0.906605 85.1419 85.1463
0.176473 0.45661 105.558 105.529
0.308824 0.482083 134.328 134.286
0.323529 0.881134 102.782 102.776
0.367647 0.838682 108.17 108.162
0.117647 0.915096 83.9084 83.9102
0.676471 0.558497 171.887 171.855
0.25 0.838682 96.8364 96.8309
0.0882353 0.320764 91.4466 91.4166
0.75 0.142465 253.164 253.074
0.691176 0.533026 176.752 176.718
0.808824 0.550006 184.343 184.319
0.794118 0.558497 182.217 182.194
0.661765 0.380198 199.044 198.984
0.176471 0.881134 89.0751 89.075
0.294118 0.779248 103.666 103.655
0.867607 0.0915668 256.933 256.814
0.191177 0.482083 106.626 106.597
0.352941 0.524535 136.486 136.446
0.911325 0.558404 192.277 192.264
0.147059 0.915096 88.0685 88.0712
0.823529 0.558497 184.73 184.71
0.838264 0.0916062 261.566 261.464
0.117731 0.219015 127.237 127.171
0.338235 0.889624 103.471 103.466
0.794117 0.728306 162.405 162.392
0.779412 0.753777 156.694 156.682
0.85294 0.558498 187.245 187.227
0.838231 0.685854 173.837 173.827
0.191176 0.855662 89.8693 89.8676
0.617647 0.932076 111.326 111.322
0.691176 0.227369 232.315 232.229
0.882335 0.966048 118.105 118.084
0.705882 0.218879 234.312 234.226
0.573529 0.906605 113.493 113.488
0.647504 0.117122 262.741 262.633
0.308824 0.906605 101.173 101.169
0.323529 0.762268 108.212 108.199
0.176471 0.864153 88.2195 88.2175
0.220588 0.448121 118.738 118.698
0.103057 0.227524 116.542 116.495
0.632353 0.397178 194.077 194.017
0.676471 0.371707 201.354 201.294
0.220588 0.906605 94.9521 94.9499
0.117725 0.202031 132.774 132.73
0.852333 0.0656997 269.688 269.598
0.661765 0.193408 240.941 240.843
0.720588 0.142465 254.335 254.241
0.308824 0.753777 106.851 106.838
0.205882 0.371707 127.031 126.979
0.867638 0.550012 189.149 189.13
0.632798 0.125612 260.091 259.974
0.0592526 0.880181 67.3425 67.3564
0.794117 0.762268 157.486 157.477
0.691176 0.346236 206.694 206.631
0.912074 0.609557 189.617 189.608
0.0741452 0.329249 84.165 84.1421
0.323529 0.779248 107.22 107.208
0.823526 0.728308 166.688 166.676
0.485298 0.227368 222.391 222.279
0.867627 0.685854 178.113 178.104
0.0882353 0.303783 93.7523 93.7271
0.338235 0.906605 102.848 102.843
0.735336 0.116889 261.381 261.289
0.235294 0.405669 129.409 129.361
0.896995 0.583956 189.482 189.469
0.647059 0.405669 193.514 193.457
0.735221 0.0995585 266.742 266.648
0.764748 0.116889 259.955 259.866
0.882279 0.55849 189.764 189.749
0.676471 0.320764 211.22 211.15
0.896938 0.550027 191.541 191.525
0.661765 0.125484 260.228 260.121
0.661765 0.533026 174.191 174.155
0.25 0.346236 145.34 145.274
0.323529 0.915096 101.802 101.799
0.617647 0.167936 247.375 247.26
0.485294 0.787739 122.537 122.523
0.867346 0.0739628 263.948 263.837
0.470588 0.932076 106.622 106.617
0.573529 0.499064 171.075 171.028
0.470588 0.62642 140.109 140.079
0.676471 0.524535 176.706 176.669
0.161765 0.583968 90.481 90.4663
0.279412 0.80472 100.901 100.892
0.632353 0.142465 255.049 254.935
0.823529 0.677363 172.749 172.734
0.294118 0.915096 100.197 100.194
0.161765 0.346236 117.019 116.971
0.882092 0.065428 264.923 264.779
0.308824 0.787739 105.054 105.043
0.750042 0.12538 258.175 258.084
0.647059 0.150955 252.699 252.589
0.676471 0.507554 179.176 179.137
0.455882 0.940567 105.38 105.376
0.367647 0.533026 137.826 137.787
0.397059 0.533026 142.668 142.628
0.808822 0.736797 163.349 163.34
0.691176 0.499064 181.586 181.546
0.382353 0.524535 141.54 141.498
0.411765 0.524535 146.254 146.211
0.426471 0.533026 147.188 147.147
0.147059 0.575478 87.535 87.5209
0.691176 0.482083 184.074 184.034
0.25 0.787739 97.6171 97.6087
0.618307 0.116475 262.713 262.594
0.455882 0.838682 114.906 114.896
0.279412 0.787739 101.473 101.464
0.632353 0.176427 245.249 245.139
0.235294 0.81321 95.2187 95.2123
0.441176 0.830191 114.626 114.615
0.235294 0.915096 96.4093 96.4086
0.647854 0.100344 267.883 267.775
0.720081 0.0915222 269.75 269.653
0.308824 0.80472 104.277 104.267
0.896948 0.685847 182.633 182.626
0.897103 0.600966 188.442 188.429
0.676471 0.167936 247.91 247.811
0.382353 0.81321 111.138 111.127
0.647059 0.167936 247.837 247.731
0.573529 0.940567 108.622 108.618
0.205883 0.422649 118.466 118.424
0.205882 0.881134 92.5387 92.5368
0.176471 0.371707 117.631 117.585
0.455882 0.906605 108.495 108.489
0.558824 0.932076 109.374 109.37
0.25 0.855662 96.7908 96.786
0.632353 0.380198 197.287 197.225
0.617647 0.915096 114.108 114.102
0.632353 0.193408 240.534 240.429
0.25 0.80472 97.2503 97.2432
0.411765 0.830191 112.344 112.333
0.117635 0.405648 92.9682 92.9459
0.397059 0.940567 103.659 103.656
0.176472 0.422649 109.871 109.835
0.647059 0.371707 199.82 199.757
0.867621 0.702837 176.485 176.474
0.397059 0.855662 109.304 109.295
0.661765 0.176427 245.562 245.461
0.117656 0.609445 78.8329 78.8249
0.441176 0.915096 107.123 107.118
0.647059 0.354726 203.131 203.065
0.455882 0.634911 137.176 137.148
0.470588 0.915096 108.291 108.286
0.441176 0.62642 136.36 136.33
0.470588 0.830191 116.819 116.808
0.205883 0.405669 121.122 121.08
0.794117 0.711325 164.676 164.665
0.426471 0.80472 115.738 115.725
0.205882 0.864153 91.9791 91.9764
0.808823 0.957548 114.251 114.255
0.264706 0.779248 99.8527 99.8434
0.882129 0.728353 176.389 176.379
0.426471 0.634911 133.367 133.339
0.191178 0.431139 113.028 112.993
0.470588 0.81321 118.576 118.564
0.161766 0.380197 111.344 111.307
0.161765 0.940567 92.4178 92.4229
0.558824 0.915096 111.7 111.695
0.441176 0.81321 116.203 116.191
0.485294 0.80472 120.665 120.651
0.220588 0.855662 93.5293 93.5259
0.264706 0.830191 98.5939 98.5874
0.132356 0.600951 82.6641 82.6537
0.764706 0.966038 109.414 109.409
0.558824 0.60944 152.711 152.68
0.852937 0.677364 176.79 176.777
0.235294 0.864153 95.2904 95.2868
0.823527 0.711326 168.81 168.8
0.132353 0.583968 83.5181 83.5068
0.838229 0.702836 171.973 171.961
0.220588 0.838682 93.3184 93.3139
0.117654 0.422618 91.2372 91.2147
0.117663 0.966047 92.5568 92.5756
0.264706 0.81321 98.915 98.9076
0.397059 0.80472 113.116 113.104
0.176472 0.405668 112.267 112.231
0.896144 0.737181 178.113 178.108
0.441176 0.932076 105.68 105.676
0.558824 0.62642 150.325 150.295
0.882336 0.677363 181.066 181.055
0.617647 0.711325 144.706 144.687
0.0883921 0.966074 89.4395 89.4784
0.367647 0.99151 100.382 100.417
0.176471 0.354726 120.626 120.581
0.397059 0.838682 110.531 110.522
0.191177 0.397178 118.104 118.06
0.25 0.889624 97.0157 97.0131
0.808823 0.685854 169.819 169.806
0.85293 0.711329 173.272 173.264
0.808823 0.702835 167.768 167.754
0.896756 0.702856 181.261 181.251
0.191177 0.380197 120.922 120.878
0.882139 0.711356 178.041 178.033
0.617647 0.779248 135.048 135.034
0.382353 0.830191 109.947 109.936
0.161766 0.397177 108.827 108.79
0.25 0.906605 97.2805 97.2773
0.426471 0.906605 107.194 107.188
0.632353 0.753777 140.121 140.105
0.10302 0.957539 89.2143 89.2216
0.691176 0.787739 140.748 140.736
0.235294 0.966038 98.4002 98.4017
0.235294 0.881134 95.5511 95.5478
0.264706 0.915096 98.4166 98.4149
0.147059 0.932076 90.01 90.0117
0.220588 0.957548 97.4381 97.4359
0.573529 0.533026 165.644 165.603
0.632353 0.80472 132.558 132.545
0.220588 0.889624 94.3473 94.3457
0.573529 0.80472 127.701 127.688
0.573529 0.787739 130.011 129.997
0.691176 0.80472 137.973 137.962
0.161765 0.99151 98.8415 98.7685
0.426471 0.838682 112.768 112.758
0.1027 0.431085 85.5004 85.4849
0.764706 0.983019 104.724 104.727
0.823529 0.983019 106.23 106.236
0.205882 0.966038 97.4056 97.4086
0.573529 0.634911 150.725 150.697
0.602941 0.702834 144.41 144.389
0.264706 0.966038 99.2477 99.2482
0.323529 0.966038 100.652 100.652
0.352941 0.983019 100.625 100.625
0.882353 0.983019 109.202 109.22
0.294118 0.966038 99.9894 99.9892
0.823528 0.932075 123.931 123.933
0.85294 0.966038 114.698 114.686
0.397059 0.99151 100.517 100.489
0.279412 0.957548 99.554 99.5516
0.661765 0.787739 137.841 137.829
0.852941 0.983019 107.422 107.44
0.602941 0.80472 130.086 130.073
0.617647 0.81321 130.043 130.031
0.588235 0.81321 127.689 127.677
0.617647 0.762268 137.5 137.485
0.647059 0.762268 140.295 140.281
0.411765 0.966038 102.333 102.331
0.308824 0.957548 100.424 100.422
0.867628 0.957557 120.018 120.029
0.705882 0.81321 138.022 138.013
0.411765 0.932076 104.702 104.698
0.338235 0.957548 101.21 101.208
0.367647 0.940567 102.725 102.723
0.735294 0.81321 141.208 141.2
0.426471 0.957548 103.233 103.23
0.720588 0.80472 141.045 141.034
0.896176 0.906545 147.191 147.181
0.779412 0.99151 102.524 102.451
0.808824 0.99151 102.901 102.967
0.794118 0.983019 105.373 105.379
0.352941 0.966038 101.255 101.254
0.426471 0.940567 104.539 104.535
0.808823 0.940567 119.682 119.677
0.647059 0.779248 137.752 137.738
0.367647 0.957548 101.931 101.928
0.191176 0.940567 94.6674 94.6703
0.411765 0.983019 101.165 101.166
0.25 0.957548 98.5719 98.5696
0.867647 0.991509 104.156 104.219
0.132355 0.940568 89.5441 89.5518
0.132355 0.957549 92.251 92.2514
0.352941 0.932076 102.573 102.569
0.896938 0.957622 125.05 125.061
0.867624 0.940574 127.257 127.253
0.338235 0.940567 101.723 101.721
0.896766 0.94068 133.515 133.522
0.191176 0.99151 99.1913 99.2696
0.323529 0.932076 101.386 101.382
0.205882 0.983019 98.6889 98.6872
0.882159 0.932123 133.678 133.68
0.882156 0.91512 140.252 140.261
0.308824 0.940567 100.631 100.63
0.294118 0.932076 100.084 100.081
0.279412 0.940567 99.425 99.4241
0.264706 0.932076 98.6365 98.6336
0.220588 0.940567 96.5084 96.5096
0.161765 0.957548 94.4229 94.4215
0.205882 0.932076 95.0918 95.0902
0.235294 0.932076 96.9952 96.9928
0.117649 0.932078 86.3709 86.3762
0.103007 0.94055 85.6658 85.6729
0.25 0.940567 98.0678 98.0679
0.088583 0.931894 81.4296 81.4421
0.176471 0.983019 98.0764 98.0707
0.176471 0.966038 96.1963 96.2017
0.0723281 0.956892 84.1163 84.083
0.0725323 0.939701 79.6631 79.5964
0.936328 0.854716 174.319 174.267
0.103269 0.804903 73.3457 73.3491
0.0887577 0.813505 70.5904 70.5903
0.955793 0.035649 256.33 256.193
0.0351229 0.355618 65.1373 65.1242
0.964862 0.355485 201.737 201.728
0.942586 0.868882 174.16 174.174
0.0904516 0.151532 134.887 134.918
0.0740368 0.75412 66.5452 66.5478
0.963204 0.485351 198.42 198.422
0.954726 0.0483987 247.601 247.038
0.448429 0.11584 255.971 255.851
0.198911 0.0179501 285.479 285.457
0.316095 0.0444365 276.864 276.863
0.33096 0.0896761 256.118 255.958
0.404299 0.0943994 260.803 260.774
0.625054 0.0442793 285.539 285.53
0.212854 0.0179501 286.321 286.392
0.610215 0.0896474 270.97 270.866
0.771263 0.0633167 277.162 277.103
0.860273 0.0393259 280.467 280.409
0.72817 0.0651346 278.031 277.956
0.103055 0.736815 72.6882 72.6862
0.0737131 0.737081 66.4571 66.4568
0.103403 0.787977 73.0293 73.0286
0.0731596 0.532797 70.5774 70.5704
0.0885526 0.506406 76.1068 76.094
0.117879 0.762386 75.6887 75.6866
0.0889658 0.779507 69.9213 69.9254
0.926613 0.703116 186.425 186.419
0.911395 0.729368 181.741 181.735
0.950085 0.488243 197.769 197.763
0.991817 0.191996 202.149 202.265
0.118131 0.1678 146.63 146.569
0.104286 0.142217 149.987 149.903
0.0334705 0.0575584 134.103 133.724
0.00786137 0.0440628 79.4946 77.9844
0.955541 0.00728938 288.955 289.009
0.0442094 0.991979 94.119 94.2536
0.991028 0.955165 186.59 187.289
0.0576506 0.96587 83.6715 83.7378
0.964758 0.115481 217.351 217.308
0.0883487 0.728324 69.6274 69.6272
0.103798 0.193984 127.179 127.145
0.087904 0.523791 75.0629 75.0476
0.927047 0.941357 143.299 143.335
0.911539 0.914884 149.1 149.184
0.984888 0.206702 203.471 203.483
0.117933 0.779404 75.8141 75.8153
0.0312344 0.766852 57.1333 57.1325
0.991693 0.397299 200.143 200.075
0.911997 0.712039 183.192 183.194
0.0308829 0.878523 59.3639 59.3741
0.910823 0.880046 159.936 159.912
0.0893846 0.115659 154.372 154.156
0.965193 0.560346 196.918 196.912
0.991839 0.602696 199.059 198.993
0.0788708 0.0687015 185.573 185.653
0.0577209 0.625992 64.0481 64.0501
0.0454346 0.599582 61.489 61.4873
0.991849 0.632743 198.902 198.969
0.0764471 0.49701 73.0303 73.0297
0.910049 0.762907 178.45 178.451
0.089897 0.472867 78.4041 78.386
0.98302 0.178212 204.922 204.898
0.0405918 0.190809 82.9796 82.9615
0.951496 0.242691 208.185 208.172
0.922457 0.851869 170.032 169.993
0.0341733 0.675501 57.9246 57.9253
0.965411 0.674934 194.297 194.296
0.074965 0.805077 67.3953 67.4037
0.118221 0.150767 154.936 154.876
0.909741 0.828879 170.072 170.062
0.991723 0.426861 199.968 200.016
0.0163056 0.0588488 93.0097 92.9589
0.0589954 0.983535 91.694 91.6928
0.940811 0.0154891 283.193 283.29
0.982868 0.939888 182.283 182.354
0.0587947 0.253489 85.6017 85.5404
0.939693 0.251758 209.352 209.319
0.969689 0.208689 206.839 206.811
0.0159972 0.764133 53.6558 53.6564
0.0145201 0.794283 53.4085 53.421
0.0623725 0.500304 68.736 68.7225
0.923453 0.738712 183.421 183.402
0.941312 0.460036 198.416 198.406
0.985746 0.23509 202.609 202.606
0.0423583 0.426501 65.0757 65.0552
0.0895148 0.202598 115.318 115.279
0.0591378 0.662159 63.8231 63.819
0.941022 0.662051 190.913 190.899
0.0781129 0.142697 129.124 129.117
0.940793 0.573651 194.275 194.277
0.940552 0.102059 231.341 231.263
0.0160369 0.882363 54.996 55.0382
0.015944 0.854305 54.378 54.3721
0.0594386 0.36938 74.4548 74.4508
0.940785 0.369343 202.188 202.183
0.0495542 0.80292 61.6639 61.6735
0.912126 0.932015 142.195 142.24
0.0591837 0.306164 79.5835 79.5465
0.940833 0.306083 205.523 205.497
0.015901 0.706458 53.6212 53.6257
0.015549 0.734721 53.5211 53.5236
0.0593239 0.929612 73.8147 73.892
0.940881 0.166133 218.071 218.05
0.937955 0.509591 196.403 196.4
0.982934 0.383249 200.469 200.462
0.0174941 0.596703 54.4614 54.4528
0.937527 0.73539 186.533 186.54
0.600364 0.0577659 281.018 281.005
0.458626 0.12663 252.835 252.704
0.614886 0.0331864 289.116 289.11
0.634881 0.0761279 275.425 275.333
0.189107 0.00699152 294.064 294.4
0.782051 0.0740651 272.895 272.812
0.620471 0.100684 267.625 267.509
0.340753 0.0578501 271.974 271.927
0.326351 0.0333065 283.108 283.1
0.320707 0.100708 249.689 249.508
0.306303 0.0762625 259.837 259.679
0.222658 0.00699152 294.84 294.681
0.850271 0.0502876 276.59 276.456
0.414454 0.0833964 265.921 265.886
0.717973 0.0761808 274.7 274.6
0.983019 0.992823 125.568 125.316
0.992823 0.983019 174.474 174.324
0.00717697 0.983019 62.8117 62.7011
0.0169809 0.992823 87.2507 87.2053
0.983019 0.00717697 274.332 274.146
0.992823 0.0169809 225.432 225.138
0.00717697 0.0169809 113.966 113.515
0.0169809 0.00717697 236.148 236.036
0.0330757 0.526412 59.4733 59.473
0.968082 0.471156 198.923 198.918
0.0611406 0.812356 64.5068 64.5126
0.966388 0.708964 193.517 193.513
0.00681371 0.60553 51.7211 51.7203
0.0642026 0.147202 115.105 114.956
0.220689 0.0444773 267.901 267.767
0.720444 0.0390227 286.821 286.791
0.191076 0.0443685 263.452 263.195
0.79431 0.0143642 294.439 294.407
0.852697 0.0141009 293.208 293.148
0.455994 0.0899012 265.87 265.847
0.410692 0.119979 251.352 251.265
0.910674 0.862537 164.017 164.034
0.0893848 0.0978522 167.444 167.33
0.343427 0.0915606 256.61 256.461
0.107851 0.0420366 240.225 240.597
0.30363 0.0425177 277.047 277.033
0.392413 0.0930675 260.389 260.378
0.759421 0.0665114 276.579 276.505
0.872178 0.0408548 278.329 278.289
0.637516 0.0424009 286.189 286.166
0.740081 0.0666374 277.211 277.134
0.597748 0.0915549 270.182 270.094
0.435417 0.116662 254.682 254.587
0.964488 0.247226 205.839 205.815
0.941284 0.935716 153.078 153.088
0.983186 0.588271 198.217 198.223
0.059264 0.608504 64.7661 64.7622
0.0331943 0.26364 69.5373 69.5094
0.968997 0.261685 204.503 204.497
0.983248 0.647283 197.576 197.577
0.910814 0.77943 176.907 176.902
0.941085 0.067519 244.299 244.152
0.0889617 0.456237 79.1607 79.1471
0.0329275 0.205568 74.9746 74.9337
0.0325289 0.412136 62.0136 62.003
0.0365254 0.80719 58.7125 58.7221
0.0601859 0.829244 64.7757 64.7891
0.0326669 0.823353 58.0697 58.0754
0.965806 0.0590549 232.558 232.64
0.0640392 0.176059 104.941 104.934
0.910647 0.812397 172.799 172.783
0.0585288 0.404236 71.955 71.9258
0.967591 0.936937 169.976 169.892
0.983061 0.4415 199.761 199.75
0.0589079 0.271503 83.2303 83.2315
0.94169 0.269591 207.747 207.734
0.0176843 0.583117 54.5967 54.595
0.923836 0.905881 157.119 157.088
0.944912 0.921721 161.082 161.201
0.940547 0.709402 188.626 188.606
0.0592073 0.52643 66.8885 66.8942
0.0070039 0.572336 51.8501 51.8791
0.00698642 0.779412 51.6251 51.5632
0.938695 0.477461 197.656 197.655
0.993071 0.220588 201.437 201.204
0.031343 0.560492 58.4507 58.4435
0.0163329 0.557408 54.4188 54.4266
0.0780755 0.17937 114.583 114.607
0.45813 0.102762 261.339 261.249
0.189006 0.0316375 273.391 273.257
0.796716 0.0271562 289.435 289.381
0.222759 0.031642 277.207 277.124
0.850596 0.0264106 287.433 287.333
0.718336 0.0518944 282.599 282.533
0.412774 0.106937 256.572 256.49
0.944404 0.723807 188.597 188.602
0.060745 0.678807 63.9826 63.9828
0.93915 0.678024 189.893 189.895
0.0555008 0.511882 66.3096 66.2989
0.938895 0.557474 194.707 194.693
0.923073 0.888135 162.189 162.14
0.938852 0.11835 227.661 227.604
0.00663025 0.867647 51.9396 52.0099
0.0613926 0.353249 76.4628 76.434
0.938895 0.353132 203.076 203.052
0.0773048 0.123798 138.348 138.325
0.0611003 0.322258 78.9258 78.9212
0.939164 0.322243 204.702 204.695
0.032488 0.605753 58.1572 58.154
0.0065382 0.720588 51.4855 51.4326
0.0609576 0.912966 71.4701 71.4851
0.937999 0.909845 161.947 161.963
0.939065 0.149884 221.176 221.119
0.938738 0.52592 195.851 195.842
0.0546924 0.190454 94.0052 93.9688
0.0326944 0.576397 58.5767 58.5777
0.0150383 0.031632 122.204 120.63
0.967972 0.0144664 272.371 272.989
0.0317785 0.984802 85.6556 86.0316
0.983851 0.967596 169.793 170.661
0.922074 0.755206 181.792 181.794
0.473546 0.119971 256.18 256.056
0.174151 0.0145979 286.587 286.557
0.60002 0.0407947 286.556 286.548
0.635312 0.0930431 270.109 270.006
0.796707 0.0663166 274.725 274.653
0.798762 0.0512288 280.15 280.096
0.811417 0.0438517 282.295 282.226
0.835814 0.043481 280.829 280.746
0.341193 0.0409476 280.068 280.059
0.703132 0.0689243 277.316 277.227
0.237614 0.0145979 290.01 290.006
0.305865 0.0930664 251.345 251.192
0.428903 0.091278 263.764 263.729
0.949218 0.503495 197.243 197.247
0.0777949 0.480513 74.267 74.2478
0.968272 0.984521 129.593 128.965
0.0155873 0.968637 65.2427 64.8899
0.983352 0.0316407 231.697 230.692
0.0313629 0.0155873 224.668 226.688
0.0276923 0.79419 56.492 56.5025
0.0397766 0.511702 61.713 61.7128
0.972842 0.234816 204.963 204.952
0.944541 0.840013 179.32 179.314
0.92148 0.835179 172.516 172.502
0.960141 0.723781 191.788 191.777
0.0561739 0.0725268 154.062 154.663
0.951581 0.227365 209.285 209.243
0.936776 0.883157 168.832 168.854
0.823574 0.0232794 290.106 290.047
0.161414 0.0351324 265.454 265.567
0.485834 0.099247 264.19 264.015
0.690771 0.048019 284.258 284.16
0.250351 0.0351369 277.242 277.273
0.0548644 0.486307 66.9842 66.9775
0.57303 0.0977621 267.71 267.634
0.293611 0.0525672 270.969 270.83
0.264706 0.0522124 268.484 268.157
0.382353 0.103155 255.458 255.344
0.544118 0.0978068 266.905 266.831
0.647307 0.0315105 289.679 289.707
0.353226 0.102464 252.924 252.663
0.500429 0.104411 263.08 262.918
0.278912 0.0469137 272.707 272.663
0.368147 0.0977624 256.327 256.251
0.529412 0.103155 264.785 264.555
0.514706 0.0978068 265.846 265.789
0.558824 0.103155 265.735 265.524
0.147059 0.0522124 245.65 245.269
0.117933 0.0521566 233.764 233.385
0.58795 0.102463 266.62 266.456
0.67646 0.0305427 289.925 289.961
0.132353 0.0468642 245.333 245.49
0.749366 0.0564413 280.36 280.285
0.882238 0.0304946 282.483 282.484
0.662251 0.0362349 288.234 288.15
0.911716 0.0301225 277.985 278.045
0.897034 0.0357614 277.543 277.302
0.558824 0.0817622 272.467 272.516
0.57303 0.0870657 271.211 271.091
0.911746 0.052093 264.688 264.288
0.89704 0.0467447 271.19 271.017
0.293833 0.031516 282.319 282.408
0.117369 0.0313959 258.118 258.194
0.264956 0.0299355 281.533 281.606
0.278912 0.0362173 278.981 278.818
0.647569 0.0524513 283.02 282.924
0.544118 0.0871104 270.468 270.374
0.146808 0.0299355 267.525 267.737
0.882092 0.0515893 271.657 271.399
0.676209 0.0531187 282.757 282.617
0.353445 0.0815111 262.107 261.998
0.382609 0.0823711 263.998 264.061
0.368147 0.087066 261.039 260.858
0.132353 0.0361678 257.367 257.275
0.662251 0.0469313 284.695 284.681
0.5 0.0817622 270.697 270.762
0.514706 0.0871104 269.536 269.442
0.587729 0.0815054 273.195 273.158
0.529412 0.0817622 271.68 271.744
0.750136 0.0767076 273.555 273.449
0.94478 0.749338 187.257 187.252
0.161664 0.0467129 254.625 254.801
0.485405 0.0872948 268.411 268.221
0.691022 0.0361395 288.159 288.048
0.250101 0.0467174 269.815 269.901
0.235395 0.0527056 264.546 264.2
0.425613 0.127894 249.731 249.61
0.705738 0.0302332 289.86 289.887
0.8381 0.00564852 297.397 296.858
0.823586 0.0115222 295.144 295.021
0.17637 0.0525968 253.7 253.341
0.809016 0.00587371 297.6 298.118
0.4707 0.0814108 269.638 269.688
0.0551439 0.132731 112.331 112.278
0.945475 0.896453 169.458 169.469
0.0153042 0.620236 53.7848 53.7684
0.960625 0.922275 170.165 170.321
0.0634592 0.118695 127.751 127.736
0.970994 0.498567 198.524 198.519
0.926371 0.0466058 262.953 262.758
0.0294204 0.0302383 172.772 172.77
0.968305 0.0291262 252.379 252.336
0.0303849 0.97042 75.8022 75.7717
0.969104 0.969098 150.136 150.059
0.926346 0.0356187 270.623 270.317
0.0302981 0.619482 57.4564 57.4652
0.0634706 0.201936 97.8902 97.8103
0.048972 0.787737 61.307 61.315
0.935444 0.761015 184.351 184.343
0.94073 0.0291889 270.126 270.204
0.0657774 0.0602712 182.354 181.731
0.0641497 0.474647 70.321 70.3144
0.0775371 0.195702 109.282 109.253
0.935307 0.828653 177.7 177.724
0.939687 0.0529257 253.097 252.924
0.964969 0.222301 207.05 207.038
0.0353959 0.782038 58.1798 58.1737
0.473265 0.106223 260.989 260.887
0.17405 0.0282853 274.022 274.076
0.811409 0.0304229 287.625 287.577
0.835986 0.0297154 286.747 286.695
0.70338 0.0549845 281.822 281.746
0.237715 0.0282898 280.782 280.743
0.42748 0.104731 258.573 258.476
0.962185 0.510114 197.808 197.8
